0 0.4911111111111111 0.7285115303983228 0.12444444444444444 0.16142557651991615
0 0.4922222222222222 0.12578616352201258 0.13555555555555557 0.18867924528301888
0 0.6744444444444444 0.09748427672955975 0.1 0.12368972746331237
0 0.2833333333333333 0.11740041928721175 0.10444444444444445 0.16771488469601678
0 0.8811111111111111 0.7348008385744235 0.11333333333333333 0.1488469601677149
0 0.6811111111111111 0.7568134171907757 0.13111111111111112 0.20545073375262055
0 0.12444444444444444 0.11635220125786164 0.10666666666666667 0.1488469601677149
0 0.4922222222222222 0.42033542976939203 0.12666666666666668 0.18658280922431866
0 0.28444444444444444 0.4339622641509434 0.08888888888888889 0.1509433962264151
0 0.10333333333333333 0.7148846960167715 0.08222222222222222 0.11320754716981132
0 0.6844444444444444 0.40985324947589097 0.13333333333333333 0.1740041928721174
