0 0.246875 0.23148148148148148 0.13541666666666666 0.337037037037037
0 0.40520833333333334 0.23333333333333334 0.10625 0.28888888888888886
0 0.578125 0.2388888888888889 0.12291666666666666 0.337037037037037
0 0.9020833333333333 0.17222222222222222 0.15833333333333333 0.34444444444444444
0 0.07916666666666666 0.1962962962962963 0.15 0.34074074074074073
0 0.7822916666666667 0.8222222222222222 0.10625 0.26666666666666666
0 0.5135416666666667 0.837037037037037 0.11041666666666666 0.25925925925925924
0 0.93125 0.5370370370370371 0.12083333333333333 0.24444444444444444
0 0.37395833333333334 0.8351851851851851 0.13958333333333334 0.32222222222222224
0 0.928125 0.8555555555555555 0.11875 0.2740740740740741
0 0.740625 0.24074074074074073 0.10625 0.3037037037037037
0 0.20625 0.8314814814814815 0.11666666666666667 0.2851851851851852
0 0.653125 0.8574074074074074 0.12291666666666666 0.27037037037037037
0 0.05416666666666667 0.5259259259259259 0.1 0.26666666666666666
0 0.057291666666666664 0.8462962962962963 0.10625 0.24814814814814815
