0 0.8259052924791086 0.4852112676056338 0.15598885793871867 0.20985915492957746
0 0.3864902506963788 0.5183098591549296 0.11838440111420613 0.16619718309859155
0 0.1511142061281337 0.3267605633802817 0.0988857938718663 0.11830985915492957
0 0.181058495821727 0.7711267605633803 0.1392757660167131 0.19295774647887323
0 0.2562674094707521 0.4035211267605634 0.10306406685236769 0.14788732394366197
0 0.5215877437325905 0.2964788732394366 0.09331476323119778 0.14225352112676057
0 0.3948467966573816 0.3457746478873239 0.10724233983286909 0.13943661971830987
0 0.8544568245125348 0.23450704225352112 0.14345403899721448 0.176056338028169
0 0.4505571030640669 0.8246478873239437 0.12952646239554316 0.17887323943661973
0 0.3816155988857939 0.18943661971830986 0.08913649025069638 0.11408450704225352
0 0.2193593314763231 0.23732394366197182 0.0905292479108635 0.11971830985915492
