1 0.915049 0.156897 0.072816 0.175862
1 0.301456 0.132759 0.074757 0.165517
1 0.493689 0.862931 0.080583 0.187931
1 0.097087 0.157759 0.073786 0.177586
1 0.503398 0.482759 0.082524 0.210345
1 0.693204 0.486207 0.091262 0.224138
1 0.890291 0.509483 0.097087 0.218966
1 0.496602 0.130172 0.084466 0.194828
1 0.077670 0.841379 0.087379 0.213793
1 0.297087 0.846552 0.085437 0.186207
1 0.715049 0.840517 0.092233 0.184483
1 0.297573 0.517241 0.086408 0.203448
1 0.095146 0.494828 0.091262 0.224138
1 0.698544 0.165517 0.086408 0.220690
1 0.887379 0.853448 0.087379 0.213793
