0 0.7182291666666667 0.4439814814814815 0.13854166666666667 0.41203703703703703
0 0.30078125 0.1550925925925926 0.1296875 0.2972222222222222
0 0.8752604166666667 0.3736111111111111 0.12135416666666667 0.287962962962963
0 0.12291666666666666 0.8462962962962963 0.15416666666666667 0.3277777777777778
0 0.57265625 0.4013888888888889 0.1109375 0.3212962962962963
0 0.2484375 0.6143518518518518 0.16458333333333333 0.4361111111111111
0 0.04791666666666667 0.4675925925925926 0.10520833333333333 0.29259259259259257
0 0.43697916666666664 0.5736111111111111 0.18125 0.49722222222222223
0 0.12890625 0.324537037037037 0.10260416666666666 0.2212962962962963
0 0.47265625 0.17407407407407408 0.10260416666666666 0.2462962962962963
