0 0.359375 0.364375 0.171250 0.228750
0 0.595625 0.620000 0.081250 0.117500
0 0.861875 0.359375 0.091250 0.138750
0 0.416875 0.575000 0.088750 0.112500
0 0.620625 0.873750 0.106250 0.147500
0 0.116875 0.353125 0.141250 0.198750
0 0.581250 0.116875 0.105000 0.138750
0 0.616250 0.315625 0.087500 0.123750
0 0.365625 0.098125 0.068750 0.093750
0 0.848750 0.840000 0.145000 0.212500
0 0.861875 0.094375 0.111250 0.153750
0 0.873750 0.589375 0.062500 0.091250
0 0.400625 0.852500 0.141250 0.157500
0 0.136875 0.844375 0.068750 0.073750
0 0.134375 0.601250 0.131250 0.157500
0 0.117500 0.102500 0.157500 0.147500
