0 0.6722222222222223 0.16831683168316833 0.12777777777777777 0.297029702970297
0 0.8902777777777777 0.13366336633663367 0.13055555555555556 0.26732673267326734
0 0.33611111111111114 0.1311881188118812 0.07222222222222222 0.16336633663366337
0 0.5208333333333334 0.10891089108910891 0.075 0.1782178217821782
0 0.7041666666666667 0.8118811881188119 0.11944444444444445 0.26732673267326734
0 0.26944444444444443 0.8143564356435643 0.06111111111111111 0.14356435643564355
0 0.9125 0.4034653465346535 0.08055555555555556 0.20297029702970298
0 0.058333333333333334 0.8465346534653465 0.08333333333333333 0.2079207920792079
0 0.42916666666666664 0.7896039603960396 0.08055555555555556 0.20297029702970298
0 0.6069444444444444 0.7945544554455446 0.09166666666666666 0.20297029702970298
