1 0.8333333333333334 0.09178228388473852 0.144 0.16008537886872998
1 0.16466666666666666 0.3591248665955176 0.14533333333333334 0.1568836712913554
1 0.49666666666666665 0.35859124866595515 0.14 0.15581643543223053
1 0.17866666666666667 0.8922091782283885 0.16 0.1814300960512273
1 0.17 0.6355389541088581 0.13733333333333334 0.15901814300960512
1 0.494 0.08911419423692636 0.14266666666666666 0.16755602988260407
1 0.5153333333333333 0.8884738527214514 0.16133333333333333 0.18463180362860193
1 0.17 0.09711846318036287 0.14533333333333334 0.15795090715048027
1 0.83 0.6323372465314835 0.16133333333333333 0.18676627534685167
1 0.5053333333333333 0.6382070437566703 0.136 0.1536819637139808
1 0.8353333333333334 0.36766275346851657 0.14 0.16755602988260407
1 0.8506666666666667 0.8895410885805763 0.16 0.1824973319103522
