0 0.895939 0.116234 0.076142 0.123377
0 0.302538 0.120130 0.081218 0.136364
0 0.701523 0.875974 0.087310 0.154545
0 0.904061 0.880519 0.078173 0.135065
0 0.097970 0.876623 0.082234 0.145455
0 0.100508 0.397403 0.087310 0.163636
0 0.294924 0.861688 0.076142 0.141558
0 0.105584 0.118182 0.062944 0.103896
0 0.481726 0.358442 0.078173 0.129870
0 0.903553 0.642208 0.095431 0.185714
0 0.696447 0.135714 0.095431 0.175325
0 0.109137 0.601299 0.057868 0.103896
0 0.481218 0.874675 0.075127 0.149351
0 0.502030 0.110390 0.059898 0.114286
0 0.692893 0.607143 0.072081 0.131169
0 0.897462 0.328571 0.062944 0.111688
0 0.291371 0.592208 0.058883 0.103896
