0 0.5034059945504087 0.14306640625 0.2111716621253406 0.2119140625
0 0.6723433242506812 0.67919921875 0.18119891008174388 0.1884765625
0 0.3249318801089918 0.36962890625 0.13487738419618528 0.1494140625
0 0.12806539509536785 0.1279296875 0.23160762942779292 0.203125
0 0.1226158038147139 0.74462890625 0.16893732970027248 0.1787109375
0 0.4775204359673024 0.58740234375 0.14305177111716622 0.1494140625
0 0.8821525885558583 0.3359375 0.22479564032697547 0.21875
0 0.8746594005449592 0.78564453125 0.16893732970027248 0.1611328125
0 0.8678474114441417 0.1162109375 0.17983651226158037 0.16796875
0 0.11171662125340599 0.52294921875 0.16076294277929154 0.1767578125
0 0.7091280653950953 0.1708984375 0.1893732970027248 0.205078125
0 0.14032697547683923 0.35302734375 0.2125340599455041 0.2158203125
0 0.8732970027247956 0.5029296875 0.11716621253405994 0.115234375
0 0.31607629427792916 0.12060546875 0.1907356948228883 0.2001953125
