0 0.145714 0.359524 0.057143 0.128571
0 0.944286 0.129762 0.068571 0.150000
0 0.552143 0.113095 0.070000 0.159524
0 0.952143 0.359524 0.058571 0.138095
0 0.845714 0.354762 0.065714 0.138095
0 0.446429 0.363095 0.058571 0.126190
0 0.650714 0.352381 0.055714 0.128571
0 0.748571 0.104762 0.068571 0.152381
0 0.247857 0.107143 0.061429 0.142857
0 0.950000 0.865476 0.071429 0.164286
0 0.250714 0.616667 0.058571 0.142857
0 0.049286 0.860714 0.061429 0.130952
0 0.646429 0.101190 0.055714 0.140476
0 0.147143 0.855952 0.051429 0.145238
0 0.950000 0.604762 0.057143 0.133333
0 0.245000 0.379762 0.061429 0.126190
0 0.244286 0.853571 0.065714 0.154762
0 0.453571 0.855952 0.064286 0.145238
0 0.350714 0.103571 0.058571 0.126190
0 0.049286 0.111905 0.058571 0.128571
0 0.749286 0.870238 0.061429 0.140476
0 0.552857 0.352381 0.057143 0.114286
0 0.350000 0.348810 0.057143 0.140476
0 0.750714 0.611905 0.058571 0.152381
0 0.345000 0.629762 0.072857 0.169048
0 0.447143 0.119048 0.062857 0.128571
0 0.152857 0.600000 0.068571 0.147619
0 0.148571 0.102381 0.054286 0.119048
0 0.449286 0.611905 0.058571 0.123810
0 0.847143 0.857143 0.057143 0.138095
0 0.650714 0.614286 0.058571 0.119048
0 0.556429 0.613095 0.055714 0.135714
0 0.646429 0.858333 0.061429 0.145238
0 0.053571 0.603571 0.058571 0.145238
0 0.550714 0.854762 0.047143 0.104762
0 0.346429 0.846429 0.052857 0.145238
0 0.849286 0.617857 0.058571 0.130952
0 0.752857 0.364286 0.057143 0.142857
0 0.053571 0.354762 0.058571 0.142857
0 0.851429 0.103571 0.065714 0.135714
