0 0.09177679882525698 0.20496083550913838 0.11894273127753303 0.31070496083550914
0 0.08663729809104258 0.7036553524804178 0.10572687224669604 0.2793733681462141
0 0.3054331864904552 0.19973890339425587 0.10572687224669604 0.26370757180156656
0 0.7004405286343612 0.18929503916449086 0.11160058737151249 0.2584856396866841
0 0.28928046989721 0.695822454308094 0.1027900146842878 0.24281984334203655
0 0.8861967694566814 0.6801566579634465 0.10425844346549193 0.24804177545691905
0 0.8781204111600588 0.18798955613577023 0.10572687224669604 0.2349869451697128
0 0.4933920704845815 0.6892950391644909 0.08516886930983847 0.19321148825065274
0 0.4977973568281938 0.17493472584856398 0.09691629955947137 0.2402088772845953
0 0.6967694566813509 0.6997389033942559 0.09544787077826726 0.2402088772845953
