1 0.462500 0.848148 0.062500 0.120370
1 0.545312 0.818981 0.072917 0.163889
1 0.051823 0.075463 0.040104 0.104630
1 0.119271 0.123611 0.035417 0.128704
1 0.165625 0.148148 0.042708 0.103704
1 0.254427 0.114352 0.101562 0.217593
1 0.356250 0.076389 0.038542 0.100926
1 0.455729 0.111574 0.069792 0.169444
1 0.559896 0.125000 0.046875 0.122222
1 0.672135 0.106944 0.023438 0.063889
1 0.664323 0.352315 0.101562 0.215741
1 0.459115 0.314815 0.069271 0.125926
1 0.353385 0.313426 0.017188 0.021296
1 0.247656 0.342130 0.078646 0.167593
1 0.252083 0.587963 0.091667 0.214815
1 0.359115 0.558796 0.088021 0.197222
1 0.436458 0.581481 0.064583 0.133333
1 0.484635 0.598148 0.045312 0.168519
1 0.558073 0.585185 0.060937 0.161111
1 0.666146 0.607870 0.053125 0.139815
1 0.762760 0.579167 0.063021 0.139815
1 0.863542 0.554630 0.056250 0.137037
1 0.960156 0.589352 0.079687 0.221296
1 0.763542 0.785648 0.053125 0.110185
1 0.265365 0.838426 0.039062 0.121296
1 0.127604 0.808333 0.052083 0.188889
1 0.177083 0.796296 0.056250 0.188889
1 0.050781 0.812500 0.071354 0.167593
1 0.859635 0.331481 0.058854 0.146296
1 0.760156 0.302315 0.057813 0.115741
1 0.763802 0.117130 0.080729 0.180556
1 0.868750 0.081481 0.066667 0.159259
1 0.963802 0.131019 0.067187 0.193519
1 0.150781 0.337500 0.063021 0.158333
1 0.051042 0.342593 0.059375 0.157407
1 0.051042 0.579630 0.066667 0.162963
1 0.532292 0.350463 0.056250 0.156481
1 0.582292 0.340741 0.053125 0.192593
1 0.383333 0.808796 0.043750 0.180556
1 0.332552 0.850463 0.046354 0.186111
1 0.218229 0.819444 0.037500 0.146296
