0 0.3009375 0.3011111111111111 0.130625 0.31777777777777777
0 0.6975 0.7094444444444444 0.1325 0.31444444444444447
0 0.49125 0.2788888888888889 0.1225 0.29333333333333333
0 0.1165625 0.28555555555555556 0.120625 0.29777777777777775
0 0.6709375 0.29333333333333333 0.110625 0.2733333333333333
0 0.8746875 0.2644444444444444 0.123125 0.26222222222222225
0 0.8984375 0.7255555555555555 0.116875 0.29555555555555557
0 0.106875 0.7322222222222222 0.1225 0.2777777777777778
0 0.4815625 0.7233333333333334 0.140625 0.34
0 0.321875 0.7272222222222222 0.13625 0.3433333333333333
