0 0.7045112781954888 0.19444444444444445 0.10075187969924812 0.09111111111111111
0 0.8924812030075188 0.06166666666666667 0.1037593984962406 0.09
0 0.09323308270676692 0.9355555555555556 0.12631578947368421 0.1
0 0.2661654135338346 0.30666666666666664 0.10827067669172932 0.09777777777777778
0 0.10075187969924812 0.30944444444444447 0.09022556390977443 0.07666666666666666
0 0.48796992481203005 0.051666666666666666 0.11278195488721804 0.09
0 0.4917293233082707 0.9316666666666666 0.11428571428571428 0.10333333333333333
0 0.28421052631578947 0.18333333333333332 0.12330827067669173 0.10444444444444445
0 0.3 0.04777777777777778 0.13383458646616542 0.10888888888888888
0 0.29022556390977444 0.4388888888888889 0.09022556390977443 0.08
0 0.08345864661654136 0.051666666666666666 0.09172932330827067 0.08555555555555555
0 0.8932330827067669 0.18 0.10225563909774436 0.08888888888888889
0 0.9015037593984963 0.9361111111111111 0.11278195488721804 0.09444444444444444
0 0.9030075187969925 0.4255555555555556 0.09774436090225563 0.08888888888888889
0 0.7007518796992481 0.6866666666666666 0.081203007518797 0.07333333333333333
0 0.6819548872180451 0.43722222222222223 0.07669172932330827 0.07444444444444444
0 0.8954887218045112 0.6772222222222222 0.07368421052631578 0.07888888888888888
0 0.3075187969924812 0.5622222222222222 0.1037593984962406 0.09555555555555556
