0 0.31333333333333335 0.18888888888888888 0.12 0.30793650793650795
0 0.495 0.8587301587301587 0.06666666666666667 0.1746031746031746
0 0.68 0.5079365079365079 0.07666666666666666 0.19682539682539682
0 0.31166666666666665 0.5317460317460317 0.09333333333333334 0.2634920634920635
0 0.9016666666666666 0.5285714285714286 0.09666666666666666 0.2634920634920635
0 0.11083333333333334 0.173015873015873 0.075 0.19365079365079366
0 0.31833333333333336 0.8603174603174604 0.06666666666666667 0.17777777777777778
0 0.5283333333333333 0.18095238095238095 0.09 0.24126984126984127
0 0.09083333333333334 0.5031746031746032 0.09166666666666666 0.2698412698412698
0 0.0775 0.8523809523809524 0.09833333333333333 0.2634920634920635
0 0.7075 0.10952380952380952 0.04833333333333333 0.10476190476190476
