0 0.2882414151925078 0.6013363028953229 0.12278876170655567 0.1447661469933185
0 0.49323621227887615 0.33853006681514475 0.08740894901144641 0.12472160356347439
0 0.0931321540062435 0.6007795100222717 0.10718002081165452 0.14142538975501115
0 0.4916753381893861 0.0935412026726058 0.11550468262226847 0.1403118040089087
0 0.09417273673257023 0.8363028953229399 0.10301768990634755 0.15812917594654788
0 0.8870967741935484 0.8552338530066815 0.10301768990634755 0.1358574610244989
0 0.4911550468262227 0.5612472160356348 0.07700312174817898 0.10690423162583519
0 0.10561914672216441 0.3273942093541203 0.08220603537981269 0.111358574610245
0 0.2934443288241415 0.826837416481069 0.08116545265348596 0.11024498886414254
0 0.2918834547346514 0.08685968819599109 0.09469302809573361 0.12694877505567928
0 0.09469302809573361 0.08073496659242761 0.09781477627471384 0.12583518930957685
0 0.4994797086368366 0.8190423162583519 0.12278876170655567 0.12583518930957685
0 0.8860561914672217 0.3134743875278396 0.07596253902185224 0.09465478841870824
0 0.8870967741935484 0.11971046770601336 0.10926118626430802 0.17037861915367483
0 0.2939646201873049 0.3502227171492205 0.10509885535900104 0.15256124721603564
0 0.8834547346514048 0.5751670378619154 0.07284079084287201 0.10801781737193764
0 0.6795005202913632 0.5868596881959911 0.11238293444328824 0.15812917594654788
