0 0.3814773980154355 0.7158088235294118 0.1345093715545755 0.09926470588235294
0 0.37541345093715545 0.5628676470588235 0.11356119073869901 0.10220588235294117
0 0.6168687982359427 0.5599264705882353 0.09812568908489526 0.09191176470588236
0 0.15214994487320838 0.7617647058823529 0.11466372657111357 0.11470588235294117
0 0.15711135611907387 0.3775735294117647 0.10253583241455347 0.1125
0 0.14773980154355015 0.55625 0.08379272326350606 0.08308823529411764
0 0.8528114663726571 0.7558823529411764 0.13120176405733186 0.11911764705882352
0 0.8202866593164277 0.34448529411764706 0.11025358324145534 0.11397058823529412
0 0.6085997794928335 0.7481617647058824 0.10804851157662625 0.11102941176470588
0 0.8412348401323043 0.5764705882352941 0.13671444321940462 0.11470588235294117
0 0.360529217199559 0.33492647058823527 0.11025358324145534 0.10073529411764706
