0 0.6185 0.4972 0.127 0.14
0 0.611 0.7048 0.156 0.1488
0 0.624 0.2908 0.128 0.1432
0 0.625 0.1048 0.132 0.1408
0 0.124 0.7016 0.128 0.1504
0 0.8675 0.3036 0.141 0.1448
0 0.858 0.906 0.134 0.156
0 0.12 0.2924 0.14 0.148
0 0.3645 0.5012 0.155 0.1512
0 0.3705 0.696 0.137 0.1584
0 0.1185 0.1092 0.125 0.124
0 0.375 0.1048 0.146 0.152
0 0.3555 0.9056 0.135 0.1552
0 0.1225 0.9004 0.145 0.164
0 0.879 0.106 0.152 0.1576
0 0.353 0.2908 0.122 0.148
0 0.8795 0.5044 0.151 0.1736
0 0.8605 0.7056 0.129 0.1712
0 0.6125 0.9052 0.155 0.1624
0 0.098 0.5016 0.144 0.1728
