0 0.30052083333333335 0.3 0.13020833333333334 0.31851851851851853
0 0.6973958333333333 0.7092592592592593 0.13229166666666667 0.31851851851851853
0 0.4901041666666667 0.2777777777777778 0.121875 0.2962962962962963
0 0.6713541666666667 0.29259259259259257 0.11145833333333334 0.2740740740740741
0 0.11614583333333334 0.28425925925925927 0.11979166666666667 0.30185185185185187
0 0.8744791666666667 0.26481481481481484 0.12395833333333334 0.26296296296296295
0 0.8989583333333333 0.725 0.11666666666666667 0.29444444444444445
0 0.48072916666666665 0.7212962962962963 0.140625 0.3388888888888889
0 0.10677083333333333 0.7314814814814815 0.121875 0.2777777777777778
0 0.3203125 0.7240740740740741 0.13229166666666667 0.34074074074074073
