0 0.6209375 0.3678125 0.113125 0.150625
0 0.125 0.61875 0.10125 0.13625
0 0.376875 0.6240625 0.105 0.151875
0 0.6165625 0.871875 0.095625 0.14125
0 0.1184375 0.3853125 0.113125 0.148125
0 0.123125 0.1103125 0.08875 0.131875
0 0.3721875 0.3640625 0.100625 0.149375
0 0.6234375 0.6259375 0.099375 0.153125
0 0.8553125 0.879375 0.119375 0.16625
0 0.88 0.393125 0.09625 0.14125
0 0.3753125 0.13625 0.104375 0.15125
0 0.373125 0.8871875 0.1025 0.166875
0 0.8525 0.1175 0.11125 0.15125
0 0.8671875 0.6371875 0.099375 0.151875
0 0.115 0.87 0.11 0.1475
0 0.63125 0.1109375 0.10375 0.158125
