0 0.5120833333333333 0.12814814814814815 0.06583333333333333 0.16444444444444445
0 0.3904166666666667 0.09259259259259259 0.0575 0.15259259259259259
0 0.7929166666666667 0.42814814814814817 0.06416666666666666 0.1511111111111111
0 0.41125 0.43703703703703706 0.0725 0.17777777777777778
0 0.6879166666666666 0.14814814814814814 0.06416666666666666 0.16296296296296298
0 0.5929166666666666 0.30592592592592593 0.0775 0.19111111111111112
0 0.2975 0.18666666666666668 0.05333333333333334 0.12444444444444444
0 0.485 0.74 0.058333333333333334 0.12296296296296297
0 0.24375 0.37851851851851853 0.05583333333333333 0.1288888888888889
0 0.7695833333333333 0.7725925925925926 0.0675 0.16444444444444445
0 0.3779166666666667 0.6481481481481481 0.0525 0.10814814814814815
0 0.7958333333333333 0.08 0.051666666666666666 0.12444444444444444
0 0.9316666666666666 0.40370370370370373 0.06 0.1437037037037037
