0 0.6074695121951219 0.6005376344086022 0.12652439024390244 0.13010752688172042
0 0.8300304878048781 0.5951612903225807 0.10213414634146341 0.1086021505376344
0 0.4740853658536585 0.3370967741935484 0.13719512195121952 0.13440860215053763
0 0.8262195121951219 0.36666666666666664 0.12195121951219512 0.13548387096774195
0 0.16082317073170732 0.14946236559139786 0.13567073170731708 0.12473118279569892
0 0.1760670731707317 0.6102150537634409 0.1173780487804878 0.13010752688172042
0 0.8445121951219512 0.14193548387096774 0.125 0.11182795698924732
0 0.5960365853658537 0.828494623655914 0.13719512195121952 0.14516129032258066
0 0.16082317073170732 0.36129032258064514 0.1600609756097561 0.13763440860215054
0 0.4009146341463415 0.603225806451613 0.11585365853658537 0.11612903225806452
0 0.375 0.8268817204301075 0.10975609756097561 0.1053763440860215
0 0.15625 0.8263440860215053 0.12042682926829268 0.11290322580645161
