0 0.470052 0.479167 0.059896 0.130556
0 0.654427 0.486111 0.053646 0.125926
0 0.333854 0.506481 0.044792 0.116667
0 0.191927 0.531019 0.056771 0.128704
0 0.053385 0.468519 0.047396 0.122222
0 0.141667 0.422685 0.044792 0.117593
0 0.217969 0.343056 0.043229 0.110185
0 0.342187 0.324074 0.046875 0.114815
0 0.272656 0.430556 0.041146 0.135185
0 0.470052 0.320370 0.056771 0.116667
0 0.561458 0.425000 0.047917 0.137037
0 0.767448 0.445833 0.058854 0.160185
0 0.943490 0.407407 0.065104 0.135185
0 0.714844 0.293056 0.049479 0.112037
0 0.883073 0.391667 0.055729 0.129630
