1 0.565625 0.795000 0.071250 0.143333
1 0.511875 0.705556 0.057500 0.104444
1 0.276562 0.390000 0.070625 0.164444
1 0.125625 0.735000 0.067500 0.187778
1 0.045625 0.859444 0.086250 0.174444
1 0.643437 0.374444 0.066875 0.157778
1 0.499375 0.298889 0.061250 0.164444
1 0.894062 0.185000 0.070625 0.178889
1 0.750938 0.102778 0.066875 0.136667
1 0.657500 0.109444 0.063750 0.143333
1 0.490312 0.105556 0.074375 0.142222
1 0.260000 0.103889 0.065000 0.127778
1 0.077188 0.215000 0.055625 0.150000
1 0.932813 0.541111 0.083125 0.184444
1 0.378437 0.905556 0.084375 0.188889
