0 0.669333 0.415000 0.128667 0.242000
0 0.410667 0.571250 0.068667 0.152500
0 0.590167 0.842250 0.059667 0.145500
0 0.910167 0.359500 0.071000 0.139000
0 0.578000 0.094750 0.065333 0.140500
0 0.095500 0.391500 0.073667 0.157000
0 0.929833 0.612000 0.053667 0.107000
0 0.236333 0.101000 0.058000 0.129000
0 0.081500 0.118250 0.069000 0.154500
0 0.411500 0.355500 0.109000 0.163000
0 0.416833 0.871000 0.081667 0.153000
0 0.161833 0.656750 0.130333 0.262500
0 0.240167 0.341250 0.071667 0.157500
0 0.416500 0.096750 0.062333 0.144500
0 0.744833 0.112750 0.075000 0.122500
0 0.932000 0.112500 0.065333 0.138000
0 0.764333 0.850750 0.060000 0.155500
