0 0.248333 0.739000 0.083333 0.116667
0 0.913333 0.826000 0.101333 0.129333
0 0.932667 0.578333 0.090667 0.112667
0 0.332333 0.696667 0.067333 0.110667
0 0.690667 0.709333 0.073333 0.112000
0 0.106000 0.584333 0.085333 0.114000
0 0.154333 0.427000 0.075333 0.099333
0 0.516667 0.429000 0.076000 0.102000
0 0.823000 0.665667 0.083333 0.118000
0 0.949333 0.301000 0.062667 0.098000
0 0.257667 0.610667 0.075333 0.116000
0 0.748667 0.456333 0.070667 0.088667
0 0.043333 0.381000 0.082667 0.084667
0 0.223667 0.346000 0.062000 0.082667
0 0.289333 0.232000 0.041333 0.061333
0 0.155000 0.259000 0.050000 0.063333
0 0.718667 0.356333 0.061333 0.079333
0 0.594000 0.333333 0.056000 0.076000
