1 0.565625 0.795000 0.071250 0.143333
1 0.511875 0.705556 0.057500 0.104444
1 0.272813 0.381667 0.064375 0.152222
1 0.264062 0.092778 0.071875 0.141111
1 0.640312 0.370556 0.061875 0.161111
1 0.495625 0.291111 0.070000 0.164444
1 0.751875 0.110556 0.071250 0.152222
1 0.660312 0.115000 0.065625 0.127778
1 0.487500 0.110556 0.073750 0.130000
1 0.374688 0.909444 0.073125 0.165556
1 0.123125 0.734444 0.068750 0.168889
1 0.042500 0.841667 0.077500 0.227778
1 0.932187 0.555000 0.081875 0.178889
1 0.891563 0.186111 0.075625 0.152222
