1 0.583636 0.470909 0.061818 0.163636
1 0.411818 0.810909 0.063636 0.152727
1 0.251818 0.147273 0.060000 0.149091
1 0.412727 0.467273 0.058182 0.170909
1 0.910000 0.794545 0.060000 0.170909
1 0.090000 0.481818 0.060000 0.156364
1 0.921818 0.154545 0.054545 0.134545
1 0.750909 0.147273 0.058182 0.170909
1 0.748182 0.794545 0.060000 0.163636
1 0.582727 0.789091 0.060000 0.167273
1 0.748182 0.483636 0.078182 0.189091
1 0.914545 0.456364 0.072727 0.185455
1 0.584545 0.121818 0.067273 0.214545
1 0.424545 0.140000 0.070909 0.221818
1 0.082727 0.130909 0.081818 0.225455
1 0.087273 0.790909 0.072727 0.207273
1 0.248182 0.781818 0.074545 0.196364
