0 0.245605 0.835531 0.109375 0.255678
0 0.748779 0.173260 0.102051 0.236630
0 0.919678 0.150916 0.107910 0.228571
0 0.083496 0.499267 0.104492 0.221978
0 0.584717 0.159341 0.108887 0.211722
0 0.415039 0.838828 0.107422 0.232967
0 0.751709 0.494505 0.129395 0.194872
0 0.082764 0.835165 0.100098 0.225641
0 0.250244 0.164103 0.103027 0.232967
0 0.416992 0.173260 0.115234 0.214652
0 0.747559 0.839194 0.101562 0.243956
0 0.418945 0.500733 0.105469 0.221978
0 0.915283 0.497070 0.114746 0.200000
0 0.080811 0.156410 0.112793 0.189744
0 0.580078 0.821612 0.105469 0.208791
0 0.581787 0.506227 0.098145 0.222711
0 0.919678 0.841392 0.108887 0.176557
0 0.241455 0.508425 0.116699 0.253480
