1 0.583636 0.470909 0.061818 0.163636
1 0.411818 0.810909 0.063636 0.152727
1 0.251818 0.147273 0.060000 0.149091
1 0.412727 0.467273 0.058182 0.170909
1 0.910000 0.794545 0.060000 0.170909
1 0.090000 0.481818 0.060000 0.156364
1 0.921818 0.154545 0.054545 0.134545
1 0.750909 0.147273 0.058182 0.170909
1 0.748182 0.794545 0.060000 0.163636
1 0.583636 0.785455 0.054545 0.152727
1 0.245455 0.785455 0.061818 0.160000
1 0.082727 0.790909 0.063636 0.192727
1 0.250000 0.472727 0.070909 0.152727
1 0.750000 0.472727 0.074545 0.181818
1 0.915455 0.469091 0.060000 0.152727
1 0.423636 0.156364 0.072727 0.181818
1 0.076364 0.132727 0.065455 0.192727
