0 0.391667 0.348872 0.170833 0.174436
0 0.633333 0.540602 0.095833 0.112782
0 0.884375 0.588722 0.164583 0.169925
0 0.137500 0.091729 0.133333 0.126316
0 0.630208 0.315038 0.127083 0.109774
0 0.410417 0.559398 0.120833 0.105263
0 0.151042 0.657143 0.122917 0.168421
0 0.872917 0.051880 0.104167 0.091729
0 0.126042 0.335338 0.081250 0.078195
0 0.393750 0.748120 0.087500 0.088722
0 0.378125 0.091729 0.122917 0.108271
0 0.622917 0.790226 0.075000 0.067669
0 0.875000 0.803759 0.050000 0.043609
0 0.592708 0.073684 0.060417 0.066165
