0 0.9334170854271356 0.18661971830985916 0.12814070351758794 0.2323943661971831
0 0.1670854271356784 0.7834507042253521 0.0728643216080402 0.1443661971830986
0 0.592964824120603 0.7482394366197183 0.07537688442211055 0.12323943661971831
0 0.292713567839196 0.6514084507042254 0.07788944723618091 0.13380281690140844
0 0.07160804020100503 0.4665492957746479 0.0829145728643216 0.15845070422535212
0 0.7211055276381909 0.3204225352112676 0.07035175879396985 0.14788732394366197
0 0.8253768844221105 0.2887323943661972 0.0829145728643216 0.15492957746478872
0 0.8178391959798995 0.5017605633802817 0.07788944723618091 0.15845070422535212
0 0.9170854271356784 0.47007042253521125 0.09547738693467336 0.1936619718309859
0 0.8881909547738693 0.8028169014084507 0.10301507537688442 0.20422535211267606
0 0.18592964824120603 0.4876760563380282 0.08040201005025126 0.15140845070422534
