0 0.784106 0.363744 0.066225 0.163507
0 0.920530 0.827014 0.066225 0.161137
0 0.789404 0.616114 0.076821 0.184834
0 0.646358 0.370853 0.066225 0.187204
0 0.329139 0.357820 0.070199 0.180095
0 0.485430 0.348341 0.062252 0.156398
0 0.784106 0.143365 0.074172 0.182464
0 0.941722 0.364929 0.060927 0.151659
0 0.190066 0.584123 0.083444 0.286730
0 0.032450 0.627962 0.062252 0.156398
0 0.187417 0.867299 0.062252 0.156398
0 0.635762 0.834123 0.058278 0.113744
0 0.625828 0.580569 0.049007 0.109005
0 0.335762 0.851896 0.056954 0.139810
0 0.489404 0.646919 0.072848 0.194313
0 0.188742 0.337678 0.059603 0.116114
0 0.638411 0.094787 0.050331 0.132701
0 0.486093 0.812796 0.050331 0.118483
0 0.172848 0.126777 0.086093 0.234597
0 0.029801 0.047393 0.056954 0.090047
0 0.339073 0.066351 0.045033 0.109005
0 0.489404 0.091232 0.043709 0.116114
0 0.933775 0.132701 0.082119 0.194313
0 0.045695 0.368483 0.070199 0.215640
0 0.340397 0.631517 0.082119 0.177725
0 0.952980 0.584123 0.046358 0.106635
0 0.054967 0.838863 0.054305 0.123223
0 0.776821 0.873223 0.064901 0.149289
