0 0.7 0.8384892086330935 0.10153846153846154 0.10719424460431655
0 0.4946153846153846 0.10035971223021582 0.09846153846153846 0.11870503597122302
0 0.5003846153846154 0.4683453237410072 0.09461538461538462 0.1237410071942446
0 0.8796153846153846 0.6464028776978418 0.09615384615384616 0.10863309352517986
0 0.6888461538461539 0.10215827338129496 0.09153846153846154 0.11942446043165468
0 0.49961538461538463 0.28381294964028775 0.08538461538461538 0.11438848920863309
0 0.8807692307692307 0.27733812949640285 0.09384615384615384 0.11294964028776978
0 0.3057692307692308 0.10107913669064748 0.0823076923076923 0.1158273381294964
0 0.3019230769230769 0.4618705035971223 0.08076923076923077 0.11510791366906475
0 0.8803846153846154 0.46510791366906473 0.10230769230769231 0.12158273381294964
0 0.3080769230769231 0.647841726618705 0.10692307692307693 0.12014388489208633
0 0.8784615384615385 0.10215827338129496 0.09538461538461539 0.1237410071942446
0 0.29615384615384616 0.2845323741007194 0.10461538461538461 0.12014388489208633
0 0.11 0.10719424460431655 0.09846153846153846 0.11654676258992806
0 0.3076923076923077 0.8262589928057554 0.08461538461538462 0.1
0 0.4980769230769231 0.6647482014388489 0.09153846153846154 0.11942446043165468
0 0.10538461538461538 0.8496402877697842 0.09230769230769231 0.11798561151079137
0 0.69 0.4805755395683453 0.09230769230769231 0.1223021582733813
0 0.105 0.46366906474820146 0.09923076923076923 0.1316546762589928
0 0.10576923076923077 0.6564748201438849 0.09153846153846154 0.11438848920863309
0 0.10692307692307693 0.2906474820143885 0.08923076923076922 0.12661870503597122
0 0.4907692307692308 0.8348920863309353 0.09230769230769231 0.12589928057553956
0 0.6907692307692308 0.6485611510791367 0.10615384615384615 0.11294964028776978
0 0.6915384615384615 0.2892086330935252 0.09692307692307692 0.12805755395683452
0 0.8934615384615384 0.8492805755395684 0.09153846153846154 0.13597122302158274
