0 0.896094 0.144647 0.082812 0.157175
0 0.259375 0.760820 0.078125 0.154897
0 0.741406 0.449886 0.067187 0.129841
0 0.593750 0.446469 0.071875 0.154897
0 0.734375 0.760820 0.065625 0.123007
0 0.903125 0.782460 0.065625 0.138952
0 0.898438 0.453303 0.059375 0.127563
0 0.425781 0.760820 0.079687 0.150342
0 0.422656 0.144647 0.073438 0.134396
0 0.117188 0.130979 0.056250 0.111617
0 0.262500 0.448747 0.071875 0.136674
0 0.432812 0.445330 0.062500 0.129841
0 0.103125 0.767654 0.062500 0.136674
0 0.266406 0.118451 0.064062 0.123007
0 0.583594 0.765376 0.089063 0.173121
0 0.750781 0.127563 0.054688 0.104784
0 0.593750 0.111617 0.046875 0.086560
0 0.105469 0.432802 0.057813 0.095672
