0 0.306 0.8459375 0.08666666666666667 0.118125
0 0.30866666666666664 0.2875 0.096 0.1175
0 0.898 0.64875 0.09466666666666666 0.115
0 0.8916666666666667 0.278125 0.08866666666666667 0.11
0 0.8873333333333333 0.4709375 0.09733333333333333 0.131875
0 0.497 0.6578125 0.09 0.120625
0 0.49466666666666664 0.2878125 0.09866666666666667 0.108125
0 0.30133333333333334 0.1021875 0.092 0.108125
0 0.6953333333333334 0.6528125 0.09866666666666667 0.119375
0 0.29933333333333334 0.4721875 0.08666666666666667 0.119375
0 0.49366666666666664 0.110625 0.094 0.1225
0 0.901 0.8396875 0.10466666666666667 0.135625
0 0.10833333333333334 0.284375 0.09933333333333333 0.1225
0 0.5056666666666667 0.8378125 0.10066666666666667 0.143125
0 0.6923333333333334 0.1040625 0.09 0.113125
0 0.10633333333333334 0.66 0.098 0.11375
0 0.697 0.478125 0.09666666666666666 0.1225
0 0.29833333333333334 0.65125 0.11133333333333334 0.12125
0 0.499 0.48 0.094 0.1225
0 0.6946666666666667 0.835625 0.07866666666666666 0.1125
0 0.10666666666666667 0.1040625 0.09733333333333333 0.129375
0 0.10366666666666667 0.839375 0.10733333333333334 0.1225
0 0.69 0.296875 0.104 0.14375
0 0.11133333333333334 0.475 0.09866666666666667 0.13875
0 0.8913333333333333 0.11375 0.09333333333333334 0.145
