0 0.54578025477707 0.6115384615384616 0.12022292993630573 0.1646153846153846
0 0.24044585987261147 0.11961538461538461 0.12101910828025478 0.16692307692307692
0 0.8435509554140127 0.6111538461538462 0.13614649681528662 0.1853846153846154
0 0.6930732484076433 0.8642307692307692 0.13296178343949044 0.17307692307692307
0 0.2320859872611465 0.8765384615384615 0.12977707006369427 0.19
0 0.8427547770700637 0.8661538461538462 0.1377388535031847 0.19230769230769232
0 0.08479299363057324 0.35807692307692307 0.125 0.18384615384615385
0 0.3821656050955414 0.36923076923076925 0.12898089171974522 0.18
0 0.5394108280254777 0.8726923076923077 0.12977707006369427 0.17615384615384616
0 0.6906847133757962 0.6134615384615385 0.13296178343949044 0.1776923076923077
0 0.6942675159235668 0.1346153846153846 0.13853503184713375 0.18461538461538463
0 0.848328025477707 0.13346153846153846 0.12818471337579618 0.16846153846153847
0 0.2376592356687898 0.6115384615384616 0.13296178343949044 0.1753846153846154
0 0.08121019108280254 0.8753846153846154 0.1337579617834395 0.17692307692307693
0 0.5370222929936306 0.3619230769230769 0.1377388535031847 0.19923076923076924
0 0.38654458598726116 0.8653846153846154 0.13614649681528662 0.20153846153846153
0 0.2360668789808917 0.365 0.1377388535031847 0.1823076923076923
0 0.08121019108280254 0.13807692307692307 0.12898089171974522 0.19
0 0.5374203821656051 0.11423076923076923 0.1321656050955414 0.1930769230769231
0 0.6902866242038217 0.36538461538461536 0.1305732484076433 0.17846153846153845
0 0.08240445859872611 0.6315384615384615 0.12818471337579618 0.19538461538461538
0 0.8471337579617835 0.37038461538461537 0.1305732484076433 0.19615384615384615
0 0.3821656050955414 0.14038461538461539 0.1464968152866242 0.17153846153846153
