0 0.7037750385208013 0.8973076923076924 0.08243451463790447 0.12846153846153846
0 0.49961479198767333 0.4926923076923077 0.07473035439137134 0.10384615384615385
0 0.697226502311248 0.49884615384615383 0.0847457627118644 0.12076923076923077
0 0.8983050847457628 0.4888461538461538 0.07704160246533127 0.11153846153846154
0 0.49768875192604006 0.2953846153846154 0.08012326656394453 0.12461538461538461
0 0.2996918335901387 0.10461538461538461 0.08166409861325115 0.11846153846153847
0 0.4984591679506934 0.8880769230769231 0.08166409861325115 0.10230769230769231
0 0.5019260400616333 0.09576923076923077 0.07473035439137134 0.10384615384615385
0 0.29622496147919875 0.8915384615384615 0.07010785824345146 0.09846153846153846
0 0.09899845916795069 0.8992307692307693 0.07627118644067797 0.10461538461538461
0 0.7006933744221879 0.09076923076923077 0.07318952234206472 0.1076923076923077
0 0.902542372881356 0.6946153846153846 0.07935285053929121 0.1123076923076923
0 0.5 0.696923076923077 0.0847457627118644 0.11538461538461539
0 0.0970724191063174 0.495 0.07550077041602465 0.12384615384615384
0 0.10053929121725731 0.6873076923076923 0.0839753466872111 0.10076923076923076
0 0.8994607087827426 0.1 0.07473035439137134 0.10615384615384615
0 0.900231124807396 0.2926923076923077 0.08089368258859785 0.11923076923076924
0 0.10631741140215717 0.2988461538461539 0.08320493066255778 0.10230769230769231
0 0.2969953775038521 0.4857692307692308 0.07627118644067797 0.08384615384615385
