0 0.094167 0.079167 0.061667 0.091667
0 0.086667 0.268333 0.066667 0.066667
0 0.302500 0.060000 0.071667 0.083333
0 0.097500 0.472500 0.061667 0.075000
0 0.295000 0.470833 0.053333 0.071667
0 0.303333 0.280833 0.070000 0.078333
0 0.500833 0.067500 0.061667 0.075000
0 0.702500 0.062500 0.058333 0.081667
0 0.904167 0.079167 0.075000 0.085000
0 0.503333 0.266667 0.066667 0.083333
0 0.705000 0.263333 0.056667 0.090000
0 0.903333 0.266667 0.073333 0.083333
0 0.503333 0.479167 0.070000 0.081667
0 0.697500 0.465833 0.051667 0.078333
0 0.893333 0.458333 0.070000 0.086667
0 0.905833 0.662500 0.071667 0.081667
0 0.700000 0.666667 0.063333 0.083333
0 0.485000 0.672500 0.063333 0.088333
0 0.288333 0.668333 0.056667 0.083333
0 0.105000 0.670000 0.073333 0.070000
0 0.898333 0.867500 0.060000 0.085000
0 0.670000 0.860833 0.056667 0.075000
0 0.505833 0.860833 0.061667 0.081667
0 0.297500 0.874167 0.058333 0.075000
0 0.103333 0.863333 0.080000 0.090000
