0 0.882000 0.869500 0.082000 0.105000
0 0.302500 0.878000 0.075000 0.112000
0 0.308500 0.504500 0.073000 0.095000
0 0.496000 0.294000 0.080000 0.102000
0 0.305000 0.299500 0.068000 0.103000
0 0.109500 0.281500 0.083000 0.099000
0 0.500000 0.884500 0.074000 0.115000
0 0.691000 0.883500 0.076000 0.105000
0 0.884500 0.296500 0.073000 0.103000
0 0.304500 0.093500 0.077000 0.107000
0 0.894500 0.685000 0.073000 0.100000
0 0.695000 0.495000 0.066000 0.112000
0 0.497500 0.493500 0.081000 0.133000
0 0.693000 0.694500 0.078000 0.097000
0 0.109500 0.871000 0.091000 0.116000
0 0.498500 0.110500 0.071000 0.109000
0 0.693000 0.105500 0.078000 0.111000
0 0.111000 0.678000 0.076000 0.100000
0 0.105000 0.113500 0.064000 0.099000
0 0.107000 0.480000 0.084000 0.108000
0 0.692500 0.313500 0.069000 0.115000
0 0.883500 0.100000 0.089000 0.102000
0 0.886000 0.494500 0.106000 0.097000
0 0.310500 0.695000 0.107000 0.138000
