0 0.29625 0.21788129226145755 0.1175 0.23891810668670171
0 0.3 0.517655897821187 0.112 0.22839969947407965
0 0.29875 0.816679188580015 0.1125 0.23140495867768596
0 0.09075 0.523290758827949 0.1105 0.22915101427498122
0 0.50375 0.21525169045830203 0.1065 0.22764838467317805
0 0.49225 0.8148009015777611 0.1155 0.22764838467317805
0 0.4915 0.519534184823441 0.115 0.2201352366641623
0 0.69875 0.5240420736288505 0.1075 0.23816679188580014
0 0.90125 0.2160030052592036 0.1125 0.24117205108940645
0 0.9 0.5157776108189331 0.117 0.2066115702479339
0 0.10275 0.22051089406461308 0.1115 0.24417731029301276
0 0.90375 0.8204357625845229 0.1125 0.2359128474830954
0 0.09675 0.8208114199849738 0.1125 0.22764838467317805
0 0.689 0.2062359128474831 0.108 0.23516153268219384
0 0.69675 0.8193087903831705 0.1125 0.23065364387678436
