0 0.490938 0.115909 0.058125 0.156061
0 0.926250 0.465909 0.052500 0.153030
0 0.074063 0.814394 0.051875 0.140909
0 0.926875 0.143182 0.053750 0.165152
0 0.068437 0.471212 0.051875 0.163636
0 0.359375 0.803030 0.047500 0.145455
0 0.359687 0.135606 0.048125 0.143939
0 0.640000 0.815909 0.051250 0.150000
0 0.066250 0.137121 0.052500 0.153030
0 0.214688 0.788636 0.054375 0.165152
0 0.789687 0.794697 0.044375 0.125758
0 0.210313 0.121212 0.055625 0.154545
0 0.638125 0.121970 0.051250 0.150000
0 0.783750 0.123485 0.040000 0.131818
0 0.215938 0.484848 0.050625 0.172727
0 0.354687 0.484848 0.054375 0.157576
0 0.642500 0.490152 0.055000 0.146970
0 0.499063 0.491667 0.036875 0.150000
0 0.787500 0.470455 0.033750 0.125758
0 0.500000 0.829545 0.051250 0.146970
0 0.933438 0.806818 0.053125 0.156061
