0 0.689444 0.277358 0.067778 0.143396
0 0.180556 0.500943 0.054444 0.118868
0 0.177778 0.920755 0.055556 0.124528
0 0.433333 0.480189 0.055556 0.115094
0 0.308889 0.070755 0.051111 0.126415
0 0.562222 0.273585 0.057778 0.135849
0 0.435000 0.910377 0.058889 0.115094
0 0.811111 0.923585 0.053333 0.126415
0 0.177222 0.686792 0.052222 0.109434
0 0.308333 0.275472 0.054444 0.132075
0 0.941667 0.700000 0.056667 0.124528
0 0.935000 0.911321 0.058889 0.135849
0 0.817222 0.294340 0.056667 0.132075
0 0.051111 0.906604 0.057778 0.126415
0 0.435000 0.267925 0.050000 0.105660
0 0.303889 0.906604 0.054444 0.130189
0 0.937222 0.069811 0.065556 0.135849
0 0.054444 0.486792 0.046667 0.105660
0 0.307222 0.479245 0.052222 0.135849
0 0.562222 0.479245 0.044444 0.094340
0 0.439444 0.712264 0.047778 0.122642
0 0.560000 0.920755 0.060000 0.113208
0 0.690556 0.903774 0.063333 0.147170
0 0.048333 0.696226 0.045556 0.113208
0 0.560556 0.690566 0.052222 0.109434
0 0.687222 0.696226 0.065556 0.113208
0 0.816667 0.695283 0.064444 0.133962
0 0.689444 0.479245 0.056667 0.120755
0 0.817222 0.491509 0.078889 0.145283
0 0.940556 0.477358 0.063333 0.147170
0 0.939444 0.262264 0.058889 0.143396
0 0.177778 0.266981 0.053333 0.126415
0 0.055000 0.262264 0.056667 0.128302
0 0.050000 0.064151 0.068889 0.124528
0 0.181667 0.061321 0.058889 0.118868
0 0.437778 0.047170 0.055556 0.086792
0 0.557222 0.070755 0.065556 0.115094
0 0.687778 0.059434 0.057778 0.115094
0 0.812778 0.050943 0.036667 0.090566
