0 0.12254901960784313 0.3545751633986928 0.08496732026143791 0.12091503267973856
0 0.869281045751634 0.8602941176470589 0.10130718954248366 0.12908496732026145
0 0.12254901960784313 0.8570261437908496 0.0915032679738562 0.12581699346405228
0 0.6151960784313726 0.6013071895424836 0.09640522875816994 0.13725490196078433
0 0.8684640522875817 0.5955882352941176 0.09640522875816994 0.11601307189542484
0 0.3700980392156863 0.11356209150326797 0.08986928104575163 0.12581699346405228
0 0.6209150326797386 0.33986928104575165 0.08823529411764706 0.11437908496732026
0 0.36437908496732024 0.3570261437908497 0.09477124183006536 0.1454248366013072
0 0.3684640522875817 0.6021241830065359 0.08986928104575163 0.119281045751634
0 0.6176470588235294 0.10375816993464053 0.09477124183006536 0.12908496732026145
0 0.6348039215686274 0.8455882352941176 0.08986928104575163 0.119281045751634
0 0.3700980392156863 0.8627450980392157 0.09967320261437909 0.1437908496732026
0 0.8799019607843137 0.12173202614379085 0.09640522875816994 0.1323529411764706
0 0.12336601307189543 0.10702614379084967 0.08986928104575163 0.1454248366013072
0 0.12254901960784313 0.6151960784313726 0.09477124183006536 0.16176470588235295
0 0.8782679738562091 0.3570261437908497 0.09640522875816994 0.14215686274509803
