0 0.595313 0.086008 0.073125 0.130864
0 0.645625 0.322634 0.071250 0.123457
0 0.351250 0.559259 0.072500 0.135802
0 0.141563 0.540329 0.061875 0.097942
0 0.091875 0.330453 0.108750 0.214815
0 0.340313 0.082305 0.053125 0.097119
0 0.559688 0.547737 0.088125 0.145679
0 0.151875 0.799177 0.062500 0.093827
0 0.629375 0.768313 0.070000 0.117695
0 0.875313 0.776543 0.051875 0.078189
0 0.139687 0.094650 0.085625 0.146502
0 0.870313 0.113580 0.071875 0.144856
0 0.912188 0.324280 0.083125 0.158025
0 0.874375 0.551029 0.057500 0.102881
