0 0.067692 0.751668 0.112308 0.197331
0 0.070385 0.435176 0.093077 0.176358
0 0.563846 0.172069 0.110769 0.187798
0 0.675769 0.754051 0.103846 0.194471
0 0.689231 0.153480 0.090769 0.171592
0 0.303462 0.452336 0.088462 0.193518
0 0.935769 0.166349 0.105385 0.180172
0 0.063462 0.159676 0.105385 0.189704
0 0.173077 0.159676 0.109231 0.214490
0 0.313077 0.154909 0.098462 0.185891
0 0.932692 0.750715 0.099231 0.183985
0 0.176923 0.755481 0.103077 0.193518
0 0.441923 0.751192 0.123846 0.207817
0 0.563846 0.747855 0.096923 0.170639
0 0.302692 0.758818 0.105385 0.215443
0 0.806923 0.474738 0.101538 0.192564
0 0.555769 0.473308 0.110000 0.204957
0 0.688462 0.461392 0.104615 0.204004
0 0.183846 0.465205 0.100000 0.194471
0 0.808077 0.755958 0.102308 0.205910
0 0.933846 0.470448 0.096923 0.185891
0 0.811154 0.144900 0.102308 0.213537
0 0.439231 0.452336 0.093846 0.183985
