0 0.305000 0.678333 0.090000 0.126667
0 0.305000 0.861667 0.076667 0.093333
0 0.112500 0.489167 0.081667 0.111667
0 0.498333 0.872500 0.076667 0.115000
0 0.499167 0.480833 0.085000 0.108333
0 0.300000 0.494167 0.070000 0.101667
0 0.111667 0.873333 0.076667 0.110000
0 0.485833 0.110833 0.088333 0.101667
0 0.498333 0.681667 0.076667 0.110000
0 0.312500 0.118333 0.068333 0.100000
0 0.878333 0.296667 0.083333 0.110000
0 0.111667 0.694167 0.076667 0.111667
0 0.118333 0.115000 0.070000 0.096667
0 0.880833 0.500000 0.078333 0.116667
0 0.678333 0.489167 0.066667 0.095000
0 0.680000 0.682500 0.076667 0.105000
0 0.880000 0.686667 0.073333 0.100000
0 0.880000 0.115000 0.066667 0.100000
0 0.691667 0.114167 0.070000 0.095000
0 0.118333 0.290000 0.076667 0.096667
0 0.688333 0.880000 0.080000 0.100000
0 0.880000 0.870000 0.093333 0.106667
0 0.313333 0.305833 0.063333 0.088333
0 0.503333 0.295833 0.066667 0.095000
0 0.693333 0.310833 0.063333 0.095000
