0 0.8144499178981938 0.40930787589498807 0.09195402298850575 0.14558472553699284
0 0.8136288998357963 0.13484486873508353 0.08374384236453201 0.15513126491646778
0 0.5911330049261084 0.8866348448687351 0.08210180623973727 0.14558472553699284
0 0.7742200328407225 0.9152744630071599 0.09688013136288999 0.15035799522673032
0 0.5755336617405583 0.630071599045346 0.08374384236453201 0.162291169451074
0 0.3587848932676519 0.630071599045346 0.08702791461412152 0.162291169451074
0 0.3070607553366174 0.3997613365155131 0.08538587848932677 0.17422434367541767
0 0.5722495894909688 0.1026252983293556 0.08045977011494253 0.14797136038186157
0 0.16995073891625614 0.5167064439140812 0.08045977011494253 0.16945107398568018
0 0.24630541871921183 0.7124105011933174 0.08210180623973727 0.16945107398568018
0 0.458128078817734 0.07159904534606205 0.08866995073891626 0.1575178997613365
0 0.6798029556650246 0.28758949880668255 0.08538587848932677 0.16945107398568018
0 0.14039408866995073 0.7732696897374701 0.09688013136288999 0.16706443914081145
0 0.9261083743842364 0.45465393794749404 0.08866995073891626 0.15990453460620524
0 0.6962233169129721 0.06205250596658711 0.08866995073891626 0.14797136038186157
0 0.4638752052545156 0.5369928400954654 0.07717569786535304 0.1575178997613365
0 0.5574712643678161 0.383054892601432 0.090311986863711 0.15990453460620524
0 0.2947454844006568 0.10143198090692124 0.090311986863711 0.15513126491646778
0 0.9137931034482759 0.7147971360381862 0.090311986863711 0.15990453460620524
0 0.05090311986863711 0.38663484486873506 0.09852216748768473 0.1575178997613365
0 0.48440065681444994 0.7780429594272077 0.09523809523809523 0.1718377088305489
0 0.6855500821018062 0.513126491646778 0.08702791461412152 0.16706443914081145
0 0.16174055829228243 0.045346062052505964 0.08374384236453201 0.10023866348448687
0 0.8111658456486043 0.6575178997613366 0.08866995073891626 0.19809069212410502
0 0.1683087027914614 0.256563245823389 0.08702791461412152 0.19331742243436753
0 0.048440065681444995 0.10739856801909307 0.08702791461412152 0.16706443914081145
0 0.3727422003284072 0.8902147971360382 0.08210180623973727 0.14797136038186157
0 0.052545155993431854 0.6145584725536993 0.08866995073891626 0.15990453460620524
