0 0.9197080291970803 0.1192368839427663 0.08342022940563086 0.1589825119236884
0 0.41605839416058393 0.11844197138314785 0.08967674661105318 0.16375198728139906
0 0.24556830031282587 0.6319554848966613 0.07820646506777894 0.17011128775834658
0 0.41553701772679874 0.3783783783783784 0.08654848800834203 0.18441971383147854
0 0.2497393117831074 0.1192368839427663 0.08446298227320125 0.17170111287758347
0 0.40928050052137643 0.6359300476947536 0.09280500521376434 0.18124006359300476
0 0.4197080291970803 0.8942766295707473 0.09071949947862357 0.17647058823529413
0 0.24452554744525548 0.3744038155802862 0.08654848800834203 0.18282988871224165
0 0.748696558915537 0.8831478537360891 0.08342022940563086 0.17965023847376788
0 0.9233576642335767 0.6287758346581876 0.09697601668404589 0.17329093799682035
0 0.7476538060479666 0.37758346581875996 0.08550573514077164 0.17329093799682035
0 0.5855057351407716 0.12003179650238474 0.08446298227320125 0.17329093799682035
0 0.9155370177267987 0.8918918918918919 0.09176225234619395 0.1907790143084261
0 0.7455683003128258 0.1287758346581876 0.08967674661105318 0.16216216216216217
0 0.5818561001042752 0.8879173290937997 0.10010427528675704 0.17965023847376788
0 0.9212721584984359 0.38076311605723373 0.09071949947862357 0.1891891891891892
0 0.2492179353493222 0.890302066772655 0.08550573514077164 0.17170111287758347
0 0.07820646506777894 0.37758346581875996 0.09176225234619395 0.17329093799682035
0 0.5844629822732013 0.6327503974562798 0.08237747653806048 0.17488076311605724
0 0.5802919708029197 0.37758346581875996 0.09280500521376434 0.18600953895071543
0 0.07559958289885298 0.1232114467408585 0.08654848800834203 0.17647058823529413
0 0.7466110531803962 0.6343402225755167 0.08967674661105318 0.19395866454689983
0 0.08185610010427528 0.6311605723370429 0.09906152241918666 0.1971383147853736
0 0.07820646506777894 0.8942766295707473 0.09801876955161627 0.1987281399046105
