0 0.41583333333333333 0.8875 0.09 0.1875
0 0.5816666666666667 0.630625 0.1 0.17125
0 0.76 0.38375 0.095 0.195
0 0.24375 0.381875 0.1025 0.17875
0 0.4075 0.638125 0.09 0.18375
0 0.9191666666666667 0.640625 0.09333333333333334 0.18875
0 0.9216666666666666 0.120625 0.1 0.17875
0 0.24291666666666667 0.890625 0.0975 0.18375
0 0.7516666666666667 0.886875 0.1 0.18375
0 0.4170833333333333 0.126875 0.09083333333333334 0.19125
0 0.57625 0.38375 0.10083333333333333 0.1975
0 0.57875 0.128125 0.09083333333333334 0.19625
0 0.08208333333333333 0.633125 0.0975 0.18875
0 0.9216666666666666 0.385 0.10333333333333333 0.1975
0 0.74875 0.633125 0.10416666666666667 0.19625
0 0.5783333333333334 0.89375 0.095 0.195
0 0.9304166666666667 0.89125 0.10083333333333333 0.19
0 0.24291666666666667 0.128125 0.0975 0.19375
0 0.07666666666666666 0.13 0.09333333333333334 0.1925
0 0.08166666666666667 0.38125 0.095 0.1925
0 0.24875 0.640625 0.10083333333333333 0.21625
0 0.4125 0.38625 0.10333333333333333 0.21
0 0.755 0.12375 0.1 0.22
0 0.07583333333333334 0.890625 0.09666666666666666 0.19875
