0 0.303125 0.496386 0.073750 0.115663
0 0.512500 0.279518 0.085000 0.101205
0 0.491250 0.660843 0.080000 0.107229
0 0.107500 0.279518 0.087500 0.125301
0 0.697500 0.892169 0.090000 0.116867
0 0.675000 0.069880 0.122500 0.132530
0 0.908750 0.275301 0.085000 0.114458
0 0.898125 0.475301 0.071250 0.107229
0 0.293125 0.865663 0.076250 0.114458
0 0.107500 0.851205 0.082500 0.114458
0 0.298750 0.102410 0.107500 0.134940
0 0.473125 0.460241 0.126250 0.149398
0 0.101875 0.103012 0.103750 0.143373
0 0.513125 0.075301 0.141250 0.145783
0 0.301875 0.662651 0.071250 0.096386
0 0.699375 0.460843 0.133750 0.181928
0 0.298750 0.282530 0.065000 0.095181
0 0.098750 0.493976 0.070000 0.101205
0 0.708125 0.284940 0.071250 0.080723
0 0.496875 0.847590 0.128750 0.124096
0 0.709375 0.665663 0.066250 0.092771
0 0.903125 0.851807 0.093750 0.110843
0 0.906875 0.665060 0.063750 0.067470
0 0.111250 0.660843 0.085000 0.097590
0 0.913125 0.082530 0.063750 0.087952
