0 0.377796 0.615016 0.126198 0.153355
0 0.888179 0.835463 0.108626 0.156550
0 0.876198 0.606230 0.110224 0.158147
0 0.626997 0.365815 0.123003 0.169329
0 0.352236 0.376198 0.132588 0.174121
0 0.642971 0.087859 0.091054 0.143770
0 0.626997 0.591853 0.103834 0.138978
0 0.129393 0.364217 0.095847 0.153355
0 0.618211 0.857029 0.108626 0.154952
0 0.341054 0.115016 0.138978 0.188498
0 0.158946 0.083866 0.151757 0.164537
0 0.400958 0.877796 0.121406 0.167732
0 0.874601 0.095048 0.097444 0.161342
0 0.115016 0.870607 0.137380 0.194888
0 0.168530 0.585463 0.110224 0.132588
0 0.890575 0.305112 0.100639 0.111821
