0 0.095625 0.89625 0.09875 0.1125
0 0.0975 0.09375 0.09 0.1175
0 0.30125 0.705 0.0925 0.1175
0 0.5075 0.305 0.0875 0.125
0 0.099375 0.70875 0.09625 0.1225
0 0.700625 0.701875 0.09625 0.13375
0 0.895 0.5 0.09 0.13
0 0.29375 0.495 0.085 0.1125
0 0.69875 0.505625 0.08 0.11125
0 0.503125 0.095 0.10125 0.125
0 0.695 0.1025 0.0875 0.1225
0 0.905 0.908125 0.0925 0.12375
0 0.10375 0.29375 0.095 0.1175
0 0.29 0.890625 0.0925 0.11875
0 0.904375 0.0975 0.09375 0.135
0 0.910625 0.303125 0.09125 0.13375
0 0.906875 0.715 0.09375 0.13
0 0.294375 0.103125 0.08875 0.12875
0 0.7025 0.893125 0.0925 0.12375
0 0.501875 0.9 0.09125 0.135
0 0.498125 0.509375 0.09125 0.13375
0 0.101875 0.4975 0.10125 0.13
0 0.293125 0.30375 0.12125 0.1275
0 0.500625 0.71375 0.09125 0.1175
