0 0.899167 0.679032 0.098333 0.116129
0 0.300000 0.866129 0.080000 0.106452
0 0.898333 0.859677 0.100000 0.119355
0 0.885833 0.086290 0.088333 0.120968
0 0.711667 0.684677 0.100000 0.130645
0 0.881667 0.282258 0.083333 0.106452
0 0.891667 0.479839 0.083333 0.120968
0 0.100833 0.869355 0.081667 0.106452
0 0.497500 0.869355 0.105000 0.119355
0 0.117500 0.283871 0.071667 0.112903
0 0.110833 0.669355 0.091667 0.122581
0 0.491667 0.291935 0.086667 0.109677
0 0.504167 0.099194 0.095000 0.133871
0 0.691667 0.285484 0.093333 0.122581
0 0.120833 0.478226 0.091667 0.120968
0 0.695833 0.858065 0.081667 0.096774
0 0.301667 0.489516 0.090000 0.124194
0 0.301667 0.684677 0.100000 0.130645
0 0.108333 0.103226 0.080000 0.109677
0 0.705833 0.112903 0.095000 0.122581
0 0.318333 0.100806 0.076667 0.108065
0 0.504167 0.669355 0.075000 0.116129
0 0.492500 0.483065 0.091667 0.111290
0 0.691667 0.473387 0.086667 0.111290
0 0.310000 0.286290 0.093333 0.124194
