0 0.091320 0.117363 0.059675 0.157556
0 0.910488 0.790997 0.063291 0.167203
0 0.306510 0.096463 0.070524 0.160772
0 0.501808 0.776527 0.063291 0.144695
0 0.500000 0.102894 0.059675 0.135048
0 0.105787 0.799035 0.070524 0.157556
0 0.893309 0.130225 0.094033 0.241158
0 0.707052 0.091640 0.039783 0.093248
0 0.707052 0.430868 0.036166 0.090032
0 0.898734 0.466238 0.061483 0.135048
0 0.499096 0.466238 0.079566 0.167203
0 0.303797 0.475884 0.086799 0.186495
0 0.104882 0.408360 0.061483 0.141479
0 0.302893 0.747588 0.056058 0.118971
0 0.704340 0.744373 0.059675 0.112540
