0 0.685667 0.516681 0.066000 0.109495
0 0.064000 0.301540 0.057333 0.105218
0 0.817000 0.298546 0.058000 0.106074
0 0.679667 0.073567 0.074000 0.124893
0 0.562333 0.301540 0.064667 0.108640
0 0.318333 0.757913 0.059333 0.099230
0 0.807000 0.076989 0.055333 0.097519
0 0.311000 0.076561 0.051333 0.096664
0 0.060667 0.728828 0.056000 0.073567
0 0.187667 0.726262 0.043333 0.068435
0 0.440333 0.733961 0.067333 0.076989
0 0.563333 0.736099 0.050667 0.086399
0 0.690000 0.748075 0.066667 0.089820
0 0.812000 0.733533 0.054667 0.082977
0 0.933000 0.748075 0.091333 0.110351
0 0.935333 0.519675 0.078667 0.086399
0 0.814000 0.521386 0.076000 0.105218
0 0.436000 0.521386 0.076000 0.106929
0 0.320667 0.514542 0.060000 0.096664
0 0.189667 0.510265 0.058000 0.086399
0 0.068333 0.506843 0.062000 0.089820
0 0.184000 0.279726 0.054667 0.102652
0 0.310667 0.266895 0.030667 0.068435
0 0.438000 0.286997 0.052000 0.106929
0 0.689667 0.279726 0.052667 0.083832
0 0.934000 0.301540 0.082667 0.108640
0 0.937667 0.076561 0.052667 0.112062
0 0.575667 0.047904 0.047333 0.094098
0 0.425333 0.047049 0.034667 0.083832
0 0.186667 0.065441 0.049333 0.117194
0 0.067667 0.065441 0.074000 0.106929
