0 0.500641 0.897494 0.060256 0.136674
0 0.153205 0.698178 0.057692 0.148064
0 0.502564 0.302961 0.061538 0.145786
0 0.850641 0.910023 0.057692 0.134396
0 0.380769 0.701595 0.051282 0.109339
0 0.610256 0.685649 0.051282 0.118451
0 0.949359 0.891800 0.052564 0.129841
0 0.270513 0.902050 0.058974 0.145786
0 0.276923 0.501139 0.051282 0.123007
0 0.727564 0.495444 0.055128 0.129841
0 0.496795 0.695900 0.052564 0.129841
0 0.723077 0.086560 0.058974 0.123007
0 0.841667 0.095672 0.055128 0.141230
0 0.278846 0.690205 0.047436 0.109339
0 0.956410 0.497722 0.048718 0.111617
0 0.156410 0.292711 0.051282 0.125285
0 0.385897 0.072893 0.035897 0.118451
0 0.500000 0.092255 0.033333 0.070615
0 0.613462 0.102506 0.057692 0.118451
0 0.954487 0.088838 0.042308 0.113895
0 0.273718 0.099089 0.047436 0.093394
0 0.157692 0.086560 0.043590 0.104784
0 0.043590 0.289294 0.051282 0.132118
0 0.047436 0.100228 0.056410 0.145786
0 0.956410 0.309795 0.061538 0.141230
0 0.844231 0.282460 0.055128 0.136674
0 0.725641 0.282460 0.058974 0.145786
0 0.615385 0.290433 0.058974 0.116173
0 0.389103 0.271071 0.039744 0.095672
0 0.291026 0.318907 0.061538 0.145786
0 0.841667 0.484055 0.055128 0.107062
0 0.610256 0.497722 0.061538 0.134396
0 0.505128 0.503417 0.051282 0.113895
0 0.379487 0.498861 0.056410 0.123007
0 0.155769 0.494305 0.047436 0.109339
0 0.046154 0.493166 0.061538 0.138952
0 0.836538 0.705011 0.062821 0.134396
0 0.726923 0.690205 0.061538 0.118451
0 0.048077 0.691344 0.050000 0.125285
0 0.734615 0.872437 0.053846 0.113895
0 0.610256 0.886105 0.046154 0.113895
0 0.383333 0.910023 0.048718 0.111617
0 0.168590 0.899772 0.060256 0.113895
0 0.044872 0.900911 0.043590 0.102506
