0 0.10375816993464053 0.31209150326797386 0.10294117647058823 0.15359477124183007
0 0.6936274509803921 0.7058823529411765 0.10620915032679738 0.15359477124183007
0 0.8946078431372549 0.5081699346405228 0.119281045751634 0.16339869281045752
0 0.5016339869281046 0.9027777777777778 0.11764705882352941 0.15522875816993464
0 0.6977124183006536 0.11519607843137254 0.10457516339869281 0.1388888888888889
0 0.10784313725490197 0.5098039215686274 0.10457516339869281 0.1437908496732026
0 0.9068627450980392 0.7140522875816994 0.1111111111111111 0.1437908496732026
0 0.29248366013071897 0.9093137254901961 0.10457516339869281 0.14215686274509803
0 0.5 0.5138888888888888 0.09803921568627451 0.15196078431372548
0 0.5 0.7107843137254902 0.09477124183006536 0.14705882352941177
0 0.5049019607843137 0.11683006535947713 0.09803921568627451 0.1388888888888889
0 0.09313725490196079 0.9150326797385621 0.10130718954248366 0.15359477124183007
0 0.690359477124183 0.9076797385620915 0.11601307189542484 0.15849673202614378
0 0.8937908496732027 0.31699346405228757 0.10784313725490197 0.13398692810457516
0 0.696078431372549 0.5130718954248366 0.11764705882352941 0.13725490196078433
0 0.8995098039215687 0.923202614379085 0.10620915032679738 0.13725490196078433
0 0.2957516339869281 0.5089869281045751 0.11437908496732026 0.16176470588235295
0 0.29983660130718953 0.11437908496732026 0.10294117647058823 0.1568627450980392
0 0.6936274509803921 0.3137254901960784 0.10947712418300654 0.1503267973856209
0 0.5065359477124183 0.3161764705882353 0.09477124183006536 0.15196078431372548
0 0.08660130718954248 0.11601307189542484 0.1111111111111111 0.13071895424836602
0 0.29330065359477125 0.3235294117647059 0.09967320261437909 0.1568627450980392
0 0.09068627450980392 0.7197712418300654 0.11274509803921569 0.15522875816993464
0 0.3014705882352941 0.701797385620915 0.09640522875816994 0.15849673202614378
