0 0.36325 0.6558787382220401 0.1345 0.14829987709954937
0 0.6235 0.6581319131503482 0.129 0.15772224498156492
0 0.1185 0.6603850880786563 0.135 0.16058992216304793
0 0.87725 0.6546497337156902 0.1155 0.14993854977468252
0 0.8775 0.9078246620237608 0.133 0.15977058582548137
0 0.87225 0.14789020893076607 0.1165 0.1442031954117165
0 0.6305 0.9098730028676771 0.135 0.16304793117574765
0 0.1185 0.9084391642769357 0.135 0.1618189266693978
0 0.37675 0.9084391642769357 0.1525 0.16345759934453094
0 0.88575 0.4022941417451864 0.1435 0.16960262187628022
0 0.6275 0.3998361327324867 0.12 0.14911921343711593
0 0.37075 0.39819746005735357 0.1235 0.13273248668578452
0 0.1065 0.3947152806226956 0.128 0.14051618189266693
0 0.62975 0.14768537484637442 0.1435 0.16345759934453094
0 0.366 0.15260139287177385 0.128 0.1552642359688652
0 0.106 0.14399836132732485 0.144 0.17820565342072922
