0 0.13282051282051283 0.7844574780058651 0.1076923076923077 0.14760508308895406
0 0.38 0.7551319648093842 0.10974358974358975 0.13587487781036167
0 0.6266666666666667 0.10850439882697947 0.12512820512820513 0.17204301075268819
0 0.8702564102564102 0.42717497556207235 0.12615384615384614 0.16422287390029325
0 0.37435897435897436 0.09628543499511241 0.09641025641025641 0.13587487781036167
0 0.6333333333333333 0.4149560117302053 0.08307692307692308 0.10654936461388075
0 0.6215384615384615 0.7624633431085044 0.09025641025641026 0.11534701857282502
0 0.13538461538461538 0.43792766373411535 0.09641025641025641 0.13880742913000976
0 0.8861538461538462 0.7790811339198436 0.10461538461538461 0.16422287390029325
0 0.11487179487179487 0.07331378299120235 0.07384615384615385 0.10166177908113393
