0 0.356364 0.095541 0.058182 0.140127
0 0.359091 0.600318 0.063636 0.143312
0 0.787273 0.853503 0.054545 0.121019
0 0.500909 0.108280 0.056364 0.146497
0 0.786364 0.111465 0.056364 0.140127
0 0.930000 0.617834 0.056364 0.140127
0 0.077273 0.095541 0.078182 0.140127
0 0.211818 0.108280 0.052727 0.101911
0 0.211818 0.343949 0.041818 0.108280
0 0.499091 0.348726 0.034545 0.098726
0 0.650000 0.343949 0.041818 0.101911
0 0.787273 0.342357 0.054545 0.111465
0 0.929091 0.095541 0.040000 0.089172
0 0.926364 0.359873 0.045455 0.101911
0 0.784545 0.619427 0.052727 0.098726
0 0.645455 0.590764 0.065455 0.130573
0 0.509091 0.624204 0.047273 0.127389
0 0.220909 0.601911 0.067273 0.133758
0 0.079091 0.589172 0.052727 0.114650
0 0.935455 0.837580 0.056364 0.146497
0 0.640000 0.850318 0.050909 0.114650
0 0.499091 0.835987 0.056364 0.124204
0 0.359091 0.843949 0.041818 0.089172
0 0.216364 0.856688 0.061818 0.121019
0 0.072727 0.858280 0.061818 0.149682
