0 0.654286 0.708561 0.064762 0.149362
0 0.655714 0.311475 0.063810 0.142077
0 0.548095 0.900729 0.063810 0.162113
0 0.651905 0.506375 0.063810 0.160291
0 0.753333 0.698543 0.066667 0.158470
0 0.040000 0.507286 0.060952 0.143898
0 0.552381 0.510929 0.068571 0.154827
0 0.858095 0.313297 0.064762 0.171220
0 0.653333 0.897086 0.059048 0.143898
0 0.349048 0.307832 0.061905 0.153005
0 0.756190 0.304189 0.057143 0.127505
0 0.762381 0.510018 0.056190 0.160291
0 0.349524 0.506375 0.068571 0.171220
0 0.450000 0.110200 0.069524 0.158470
0 0.139524 0.906193 0.058095 0.169399
0 0.038095 0.910747 0.062857 0.142077
0 0.445238 0.698543 0.061905 0.143898
0 0.039048 0.706740 0.066667 0.171220
0 0.236667 0.711293 0.056190 0.140255
0 0.150000 0.510929 0.060000 0.147541
0 0.554762 0.706740 0.058095 0.153005
0 0.858095 0.893443 0.068571 0.154827
0 0.143333 0.110200 0.060000 0.151184
0 0.241429 0.314208 0.063810 0.173042
0 0.352857 0.903461 0.060000 0.185792
0 0.240000 0.904372 0.057143 0.154827
0 0.853333 0.707650 0.060952 0.158470
0 0.342381 0.109290 0.065714 0.160291
0 0.856190 0.515483 0.062857 0.167577
0 0.143333 0.704007 0.054286 0.136612
0 0.238095 0.110200 0.066667 0.154827
0 0.449048 0.505464 0.063810 0.154827
0 0.958571 0.706740 0.058095 0.153005
0 0.251429 0.501821 0.059048 0.154827
0 0.758095 0.897996 0.068571 0.160291
0 0.450000 0.899818 0.080952 0.182149
0 0.346190 0.703097 0.069524 0.178506
0 0.959048 0.504554 0.070476 0.171220
0 0.963333 0.295993 0.073333 0.176685
0 0.453333 0.296903 0.072381 0.189435
0 0.039524 0.101093 0.077143 0.194900
0 0.039524 0.306011 0.073333 0.167577
0 0.552381 0.098361 0.080000 0.189435
0 0.655714 0.100182 0.065714 0.174863
