0 0.8890410958904109 0.6747572815533981 0.13972602739726028 0.2543689320388349
0 0.2787671232876712 0.6271844660194175 0.11917808219178082 0.2524271844660194
0 0.47534246575342465 0.5572815533980583 0.1232876712328767 0.24854368932038834
0 0.11712328767123288 0.5893203883495146 0.13561643835616438 0.2543689320388349
0 0.3041095890410959 0.20679611650485438 0.1178082191780822 0.22718446601941747
0 0.7136986301369863 0.4961165048543689 0.10684931506849316 0.19611650485436893
0 0.665068493150685 0.15922330097087378 0.09452054794520548 0.1786407766990291
0 0.8726027397260274 0.17378640776699028 0.10684931506849316 0.22330097087378642
0 0.4815068493150685 0.14563106796116504 0.11095890410958904 0.22524271844660193
0 0.1404109589041096 0.1650485436893204 0.10821917808219178 0.23300970873786409
