0 0.417083 0.813333 0.059167 0.145185
0 0.921250 0.222963 0.059167 0.155556
0 0.923333 0.515556 0.056667 0.148148
0 0.246250 0.517778 0.059167 0.146667
0 0.751667 0.224444 0.061667 0.143704
0 0.916667 0.817037 0.056667 0.128889
0 0.585000 0.517778 0.060000 0.137778
0 0.247500 0.802963 0.060000 0.151111
0 0.584167 0.811852 0.060000 0.139259
0 0.750833 0.817037 0.056667 0.125926
0 0.415000 0.518519 0.048333 0.115556
0 0.745000 0.522222 0.061667 0.152593
0 0.079583 0.524444 0.060833 0.148148
0 0.078750 0.224444 0.065833 0.137778
0 0.247917 0.220741 0.060833 0.139259
0 0.415833 0.211852 0.056667 0.139259
0 0.585417 0.228148 0.077500 0.151111
0 0.078333 0.805185 0.065000 0.131852
