0 0.5671875 0.3333333333333333 0.078125 0.14901960784313725
0 0.5703125 0.5686274509803921 0.078125 0.14901960784313725
0 0.8171875 0.32745098039215687 0.078125 0.15294117647058825
0 0.815625 0.10196078431372549 0.075 0.1568627450980392
0 0.696875 0.5686274509803921 0.08125 0.14901960784313725
0 0.5765625 0.8019607843137255 0.078125 0.15294117647058825
0 0.9375 0.32745098039215687 0.075 0.1607843137254902
0 0.696875 0.803921568627451 0.08125 0.14901960784313725
0 0.44375 0.10392156862745099 0.075 0.15294117647058825
0 0.446875 0.32745098039215687 0.075 0.1450980392156863
0 0.684375 0.10196078431372549 0.075 0.1568627450980392
0 0.946875 0.8 0.075 0.14901960784313725
0 0.9375 0.10588235294117647 0.06875 0.16470588235294117
0 0.9484375 0.5686274509803921 0.071875 0.1568627450980392
0 0.5625 0.10196078431372549 0.075 0.14901960784313725
0 0.828125 0.8019607843137255 0.075 0.1450980392156863
0 0.69375 0.32941176470588235 0.075 0.14901960784313725
0 0.4515625 0.5666666666666667 0.084375 0.15294117647058825
0 0.453125 0.8019607843137255 0.075 0.1450980392156863
0 0.825 0.5705882352941176 0.075 0.1450980392156863
