0 0.1290625 0.18701442841287458 0.103125 0.26970033296337403
0 0.875625 0.1864594894561598 0.10625 0.27968923418423974
0 0.30875 0.18312985571587126 0.1075 0.2663706992230855
0 0.678125 0.1709211986681465 0.10625 0.25749167591564925
0 0.119375 0.5172031076581576 0.1075 0.25083240843507215
0 0.8796875 0.8518312985571587 0.108125 0.2586015538290788
0 0.4934375 0.5183129855715871 0.106875 0.24195338512763595
0 0.685625 0.5221975582685905 0.10125 0.26082130965593786
0 0.5028125 0.17869034406215317 0.103125 0.25083240843507215
0 0.8765625 0.5155382907880133 0.106875 0.2341842397336293
0 0.681875 0.8507214206437292 0.105 0.24528301886792453
0 0.126875 0.8507214206437292 0.105 0.2386237513873474
0 0.314375 0.5188679245283019 0.1025 0.24972253052164262
0 0.494375 0.844062153163152 0.10375 0.24306326304106549
0 0.3128125 0.8512763596004439 0.100625 0.2397336293007769
