0 0.624606 0.869198 0.075710 0.115331
0 0.622240 0.348101 0.102524 0.111111
0 0.197161 0.597750 0.094637 0.101266
0 0.839905 0.606188 0.070978 0.104079
0 0.839905 0.365682 0.080442 0.098453
0 0.203470 0.091421 0.069401 0.092827
0 0.401420 0.093530 0.064669 0.094233
0 0.626183 0.611111 0.066246 0.094233
0 0.199527 0.347398 0.080442 0.106892
0 0.411672 0.351617 0.066246 0.084388
0 0.846215 0.847398 0.070978 0.071730
0 0.847792 0.116737 0.074132 0.090014
0 0.415615 0.592827 0.077287 0.077356
0 0.415615 0.841772 0.080442 0.088608
0 0.191640 0.868495 0.096215 0.097046
0 0.620662 0.096343 0.093060 0.097046
