0 0.24058823529411766 0.29640287769784174 0.15411764705882353 0.27913669064748203
0 0.45529411764705885 0.29424460431654675 0.15529411764705883 0.2776978417266187
0 0.8911764705882353 0.30287769784172663 0.16588235294117648 0.26618705035971224
0 0.45647058823529413 0.5856115107913669 0.15529411764705883 0.25611510791366904
0 0.23705882352941177 0.5877697841726619 0.1564705882352941 0.2633093525179856
0 0.45588235294117646 0.8525179856115108 0.1564705882352941 0.24028776978417266
0 0.23941176470588235 0.858273381294964 0.15411764705882353 0.2316546762589928
0 0.888235294117647 0.5899280575539568 0.16941176470588235 0.2503597122302158
0 0.6923529411764706 0.30287769784172663 0.15411764705882353 0.26618705035971224
0 0.89 0.8589928057553957 0.16588235294117648 0.22446043165467625
0 0.6929411764705883 0.858273381294964 0.15058823529411763 0.23453237410071942
0 0.6929411764705883 0.5848920863309353 0.15294117647058825 0.2517985611510791
