0 0.0625 0.365 0.075 0.15
0 0.8894736842105263 0.632 0.07894736842105263 0.152
0 0.7407894736842106 0.623 0.07105263157894737 0.138
0 0.22960526315789473 0.924 0.07236842105263158 0.148
0 0.5710526315789474 0.084 0.07894736842105263 0.16
0 0.06907894736842106 0.935 0.08026315789473684 0.13
0 0.5644736842105263 0.634 0.07368421052631578 0.148
0 0.8993421052631579 0.35 0.06973684210526315 0.152
0 0.06118421052631579 0.651 0.06973684210526315 0.138
0 0.21842105263157896 0.366 0.06315789473684211 0.124
0 0.7388157894736842 0.064 0.08026315789473684 0.128
0 0.39473684210526316 0.079 0.07105263157894737 0.142
0 0.7296052631578948 0.381 0.07763157894736843 0.158
0 0.8848684210526315 0.078 0.075 0.144
0 0.4006578947368421 0.365 0.06973684210526315 0.142
0 0.3980263157894737 0.657 0.07763157894736843 0.162
0 0.5684210526315789 0.892 0.08421052631578947 0.136
0 0.3993421052631579 0.917 0.06447368421052632 0.138
0 0.9052631578947369 0.906 0.07105263157894737 0.136
0 0.5585526315789474 0.364 0.07236842105263158 0.144
0 0.2361842105263158 0.123 0.07763157894736843 0.15
0 0.24605263157894736 0.628 0.08157894736842106 0.14
0 0.7276315789473684 0.925 0.07894736842105263 0.158
0 0.07302631578947369 0.079 0.07763157894736843 0.134
