0 0.07025 0.365 0.0815 0.122
0 0.4985 0.3645 0.084 0.121
0 0.7835 0.364 0.081 0.12
0 0.3555 0.364 0.083 0.121
0 0.49775 0.22025 0.0835 0.1145
0 0.782 0.65175 0.089 0.1225
0 0.07025 0.22075 0.0815 0.1125
0 0.92575 0.651 0.0905 0.117
0 0.49825 0.651 0.0865 0.12
0 0.785 0.21975 0.083 0.1125
0 0.927 0.36525 0.087 0.1235
0 0.06975 0.791 0.0875 0.116
0 0.3535 0.79425 0.089 0.1145
0 0.353 0.6515 0.089 0.123
0 0.4995 0.7925 0.088 0.112
0 0.35625 0.22075 0.0795 0.1135
0 0.06975 0.652 0.0875 0.123
0 0.92575 0.2215 0.0815 0.118
0 0.78375 0.076 0.0845 0.107
0 0.2115 0.36425 0.085 0.1175
0 0.499 0.07725 0.084 0.1135
0 0.07075 0.07625 0.0825 0.1105
0 0.3555 0.0765 0.083 0.107
0 0.92675 0.07675 0.0835 0.1135
0 0.64075 0.22075 0.0805 0.1115
0 0.49925 0.5065 0.0835 0.116
0 0.7845 0.79525 0.084 0.1065
0 0.0715 0.50725 0.083 0.1245
0 0.212 0.651 0.086 0.115
0 0.353 0.50575 0.083 0.1155
0 0.639 0.7965 0.088 0.112
0 0.64125 0.65325 0.0845 0.1165
0 0.21325 0.79575 0.0865 0.1115
0 0.92875 0.794 0.0895 0.109
0 0.212 0.2185 0.081 0.106
0 0.64025 0.366 0.0835 0.116
0 0.7815 0.50675 0.086 0.1175
0 0.928 0.511 0.084 0.11
0 0.64025 0.9355 0.0855 0.106
0 0.641 0.078 0.083 0.109
0 0.06975 0.93625 0.0805 0.1115
0 0.49775 0.9315 0.0875 0.108
0 0.212 0.93325 0.088 0.1085
0 0.21275 0.07825 0.0835 0.1095
0 0.7855 0.93925 0.079 0.1035
0 0.21125 0.5085 0.0865 0.125
0 0.6395 0.507 0.086 0.119
0 0.92775 0.93575 0.0835 0.1025
0 0.355 0.93275 0.082 0.1075
