0 0.5135 0.9 0.081 0.17333333333333334
0 0.5765 0.3118518518518518 0.121 0.23851851851851852
0 0.291 0.11851851851851852 0.108 0.22518518518518518
0 0.913 0.7696296296296297 0.08 0.18222222222222223
0 0.3625 0.7 0.109 0.2325925925925926
0 0.839 0.20592592592592593 0.112 0.22518518518518518
0 0.8845 0.48962962962962964 0.089 0.1674074074074074
0 0.6165 0.056296296296296296 0.071 0.13037037037037036
0 0.079 0.9207407407407407 0.086 0.17037037037037037
0 0.041 0.12 0.072 0.11259259259259259
0 0.096 0.5503703703703704 0.114 0.2
0 0.6555 0.782962962962963 0.097 0.19703703703703704
0 0.7985 0.6651851851851852 0.077 0.1748148148148148
