0 0.564000 0.910142 0.076000 0.158363
0 0.307000 0.425267 0.064000 0.138790
0 0.189500 0.413701 0.069000 0.158363
0 0.439000 0.096975 0.054000 0.119217
0 0.684500 0.909253 0.073000 0.149466
0 0.439500 0.741103 0.077000 0.179715
0 0.688000 0.582740 0.080000 0.176157
0 0.941500 0.576512 0.079000 0.188612
0 0.806500 0.096975 0.071000 0.165480
0 0.062500 0.585409 0.065000 0.174377
0 0.316500 0.748221 0.077000 0.165480
0 0.691500 0.751779 0.065000 0.154804
0 0.566500 0.580961 0.075000 0.179715
0 0.312000 0.082740 0.072000 0.161922
0 0.185000 0.082740 0.078000 0.161922
0 0.304500 0.592527 0.073000 0.135231
0 0.933500 0.416370 0.067000 0.156584
0 0.068000 0.403025 0.098000 0.176157
0 0.931000 0.912811 0.070000 0.153025
0 0.687000 0.083630 0.052000 0.110320
0 0.185500 0.912811 0.071000 0.153025
0 0.801000 0.582740 0.080000 0.165480
0 0.314500 0.912811 0.073000 0.160142
0 0.933500 0.094306 0.051000 0.131673
0 0.174500 0.585409 0.089000 0.167260
0 0.683000 0.248221 0.070000 0.151246
0 0.554000 0.255338 0.064000 0.147687
0 0.558000 0.079181 0.048000 0.108541
