0 0.704420 0.676144 0.060773 0.084605
0 0.705801 0.477115 0.052486 0.091540
0 0.080110 0.478502 0.055249 0.072122
0 0.069061 0.672677 0.049724 0.066574
0 0.074586 0.870319 0.058011 0.079057
0 0.386050 0.875173 0.053867 0.066574
0 0.391575 0.676838 0.045580 0.066574
0 0.389503 0.470180 0.046961 0.063800
0 0.388812 0.279473 0.045580 0.070735
0 0.070442 0.275312 0.046961 0.065187
0 0.073204 0.077670 0.049724 0.069348
0 0.393646 0.081137 0.052486 0.059639
0 0.700967 0.079057 0.056630 0.077670
0 0.699586 0.879334 0.056630 0.074896
