0 0.25266666666666665 0.8465625 0.09066666666666667 0.129375
0 0.41533333333333333 0.4771875 0.10533333333333333 0.131875
0 0.25266666666666665 0.4865625 0.08933333333333333 0.130625
0 0.583 0.8475 0.106 0.135
0 0.5833333333333334 0.6490625 0.11733333333333333 0.129375
0 0.419 0.2925 0.08866666666666667 0.11875
0 0.41933333333333334 0.1096875 0.09866666666666667 0.121875
0 0.41233333333333333 0.844375 0.10333333333333333 0.1325
0 0.08366666666666667 0.2921875 0.09133333333333334 0.116875
0 0.25333333333333335 0.114375 0.09333333333333334 0.14375
0 0.44166666666666665 0.6621875 0.07933333333333334 0.126875
0 0.24933333333333332 0.3015625 0.10666666666666667 0.138125
0 0.7473333333333333 0.6803125 0.08133333333333333 0.098125
0 0.082 0.853125 0.08933333333333333 0.12125
0 0.9073333333333333 0.11625 0.092 0.12125
0 0.9096666666666666 0.66125 0.106 0.1325
0 0.7433333333333333 0.1034375 0.11066666666666666 0.134375
0 0.1 0.6671875 0.08933333333333333 0.118125
0 0.25533333333333336 0.6715625 0.1 0.146875
0 0.916 0.3034375 0.096 0.134375
0 0.9093333333333333 0.858125 0.09466666666666666 0.13
0 0.7466666666666667 0.486875 0.09466666666666666 0.13625
0 0.5806666666666667 0.1109375 0.08666666666666667 0.136875
0 0.085 0.1009375 0.11133333333333334 0.125625
0 0.7446666666666667 0.850625 0.09866666666666667 0.12125
0 0.7446666666666667 0.310625 0.084 0.0975
