0 0.08743633276740238 0.8067796610169492 0.06621392190152801 0.16271186440677965
0 0.25042444821731746 0.8084745762711865 0.06281833616298811 0.15932203389830507
0 0.9125636672325976 0.8101694915254237 0.06281833616298811 0.15593220338983052
0 0.2495755517826825 0.46779661016949153 0.07130730050933787 0.14915254237288136
0 0.5806451612903226 0.1423728813559322 0.06451612903225806 0.16271186440677965
0 0.4202037351443124 0.14915254237288136 0.06281833616298811 0.15593220338983052
0 0.25212224108658743 0.15593220338983052 0.06281833616298811 0.14915254237288136
0 0.41850594227504245 0.47627118644067795 0.06281833616298811 0.15932203389830507
0 0.7495755517826825 0.8050847457627118 0.06621392190152801 0.17288135593220338
0 0.9151103565365025 0.48135593220338985 0.057724957555178265 0.16271186440677965
0 0.5840407470288624 0.8101694915254237 0.06451612903225806 0.14915254237288136
0 0.08234295415959253 0.4728813559322034 0.06960950764006792 0.15254237288135594
0 0.42784380305602715 0.811864406779661 0.06791171477079797 0.16610169491525423
0 0.9100169779286927 0.15593220338983052 0.06112054329371817 0.1423728813559322
0 0.7453310696095077 0.4728813559322034 0.057724957555178265 0.15254237288135594
0 0.08404074702886248 0.15254237288135594 0.06960950764006792 0.16271186440677965
0 0.7495755517826825 0.13050847457627118 0.06621392190152801 0.17288135593220338
