0 0.375 0.4965197215777262 0.155 0.19953596287703015
0 0.36375 0.7911832946635731 0.1375 0.16705336426914152
0 0.6175 0.796983758700696 0.14 0.16937354988399073
0 0.86375 0.13109048723897912 0.1275 0.18793503480278423
0 0.61625 0.15661252900232017 0.1325 0.16937354988399073
0 0.87125 0.46867749419953597 0.1325 0.16241299303944315
0 0.8625 0.7865429234338747 0.135 0.1902552204176334
0 0.13 0.7795823665893271 0.11 0.16241299303944315
0 0.12125 0.46983758700696054 0.1325 0.18793503480278423
0 0.62125 0.4733178654292343 0.1575 0.16705336426914152
0 0.3725 0.15081206496519722 0.14 0.18097447795823665
0 0.1175 0.13805104408352667 0.12 0.16473317865429235
