0 0.571777 0.332465 0.067383 0.154514
0 0.060059 0.084201 0.067383 0.164931
0 0.248047 0.342014 0.074219 0.194444
0 0.056152 0.355903 0.069336 0.159722
0 0.059082 0.653646 0.069336 0.189236
0 0.413086 0.622396 0.070312 0.178819
0 0.225098 0.066840 0.065430 0.130208
0 0.406250 0.060764 0.062500 0.118056
0 0.246094 0.936632 0.068359 0.126736
0 0.578613 0.048611 0.073242 0.093750
0 0.932129 0.611111 0.063477 0.163194
0 0.740234 0.348090 0.080078 0.189236
0 0.595215 0.654514 0.073242 0.138889
0 0.743652 0.611979 0.073242 0.147569
0 0.750977 0.914062 0.074219 0.171875
0 0.592773 0.914931 0.093750 0.170139
0 0.415527 0.926215 0.083008 0.137153
0 0.427734 0.348958 0.080078 0.152778
0 0.930176 0.048611 0.057617 0.093750
0 0.232422 0.635417 0.087891 0.190972
0 0.928223 0.362847 0.057617 0.138889
