0 0.09788980070339977 0.86376953125 0.09026963657678781 0.1123046875
0 0.2995310668229777 0.857421875 0.09730363423212192 0.0859375
0 0.5017584994138335 0.10009765625 0.08909730363423213 0.0830078125
0 0.2995310668229777 0.59912109375 0.08792497069167643 0.0849609375
0 0.31008206330597887 0.1103515625 0.08558030480656506 0.083984375
0 0.6899179366940211 0.8486328125 0.09026963657678781 0.08984375
0 0.8868698710433763 0.8525390625 0.09495896834701055 0.09375
0 0.324736225087925 0.35498046875 0.07502930832356389 0.0869140625
0 0.8939038686987104 0.1044921875 0.08558030480656506 0.080078125
0 0.49296600234466587 0.3427734375 0.08558030480656506 0.07421875
0 0.6963657678780774 0.1044921875 0.09613130128956623 0.0859375
0 0.6975381008206331 0.609375 0.0984759671746776 0.078125
0 0.4824150058616647 0.85888671875 0.08792497069167643 0.0810546875
0 0.08675263774912075 0.5966796875 0.0914419695193435 0.076171875
0 0.0984759671746776 0.111328125 0.07737397420867527 0.07421875
0 0.8950762016412661 0.607421875 0.09026963657678781 0.07421875
0 0.4970691676436108 0.61865234375 0.07737397420867527 0.0771484375
0 0.8939038686987104 0.36376953125 0.06916764361078546 0.0791015625
