0 0.88984375 0.7140625 0.1234375 0.1375
0 0.3140625 0.515625 0.078125 0.125
0 0.8296875 0.16484375 0.084375 0.1171875
0 0.090625 0.2546875 0.071875 0.103125
0 0.58046875 0.50390625 0.0796875 0.1015625
0 0.68203125 0.403125 0.0828125 0.13125
0 0.74921875 0.62421875 0.1015625 0.1515625
0 0.96015625 0.2 0.0921875 0.146875
0 0.540625 0.89765625 0.071875 0.0984375
0 0.278125 0.76328125 0.065625 0.0953125
0 0.05859375 0.60234375 0.0703125 0.1265625
0 0.1234375 0.40546875 0.06875 0.1015625
0 0.42734375 0.5140625 0.0703125 0.10625
0 0.1 0.8125 0.059375 0.115625
0 0.48125 0.3640625 0.065625 0.090625
0 0.5875 0.34609375 0.065625 0.0953125
0 0.50625 0.621875 0.071875 0.078125
