0 0.408203125 0.8168238993710691 0.091796875 0.19968553459119498
0 0.91455078125 0.8183962264150944 0.0908203125 0.2028301886792453
0 0.91455078125 0.4889937106918239 0.0966796875 0.24213836477987422
0 0.75439453125 0.1619496855345912 0.0849609375 0.18867924528301888
0 0.912109375 0.16745283018867924 0.095703125 0.25
0 0.578125 0.18553459119496854 0.09375 0.2138364779874214
0 0.25439453125 0.4992138364779874 0.0908203125 0.23742138364779874
0 0.08251953125 0.4882075471698113 0.0908203125 0.19339622641509435
0 0.244140625 0.16037735849056603 0.095703125 0.18553459119496854
0 0.57861328125 0.839622641509434 0.0908203125 0.19811320754716982
0 0.25048828125 0.8113207547169812 0.0986328125 0.1918238993710692
0 0.080078125 0.8034591194968553 0.095703125 0.21069182389937108
0 0.75634765625 0.8254716981132075 0.0927734375 0.21069182389937108
0 0.4140625 0.4882075471698113 0.091796875 0.20911949685534592
0 0.41552734375 0.1690251572327044 0.0947265625 0.2059748427672956
0 0.5859375 0.49842767295597484 0.09375 0.2389937106918239
0 0.7431640625 0.49292452830188677 0.0859375 0.19025157232704404
0 0.0810546875 0.15330188679245282 0.087890625 0.23742138364779874
