0 0.8748251748251749 0.8013986013986014 0.11608391608391608 0.15944055944055943
0 0.0986013986013986 0.6034965034965035 0.0993006993006993 0.14405594405594405
0 0.8832167832167832 0.6083916083916084 0.14405594405594405 0.15944055944055943
0 0.37272727272727274 0.35104895104895106 0.09090909090909091 0.11748251748251748
0 0.35244755244755244 0.8314685314685315 0.07832167832167833 0.0993006993006993
0 0.879020979020979 0.3041958041958042 0.0993006993006993 0.11048951048951049
0 0.6629370629370629 0.4489510489510489 0.1062937062937063 0.14265734265734265
0 0.3972027972027972 0.06573426573426573 0.08391608391608392 0.10909090909090909
0 0.6202797202797202 0.15734265734265734 0.13566433566433567 0.2111888111888112
0 0.1076923076923077 0.36363636363636365 0.14545454545454545 0.17342657342657342
0 0.3713286713286713 0.6097902097902098 0.0993006993006993 0.13706293706293707
0 0.8727272727272727 0.05174825174825175 0.09230769230769231 0.1006993006993007
