0 0.5 0.12969004893964112 0.2 0.2039151712887439
0 0.8336956521739131 0.13050570962479607 0.1891304347826087 0.19902120717781402
0 0.1673913043478261 0.12887438825448613 0.19130434782608696 0.21207177814029363
0 0.5054347826086957 0.3817292006525285 0.18478260869565216 0.19249592169657423
0 0.5021739130434782 0.632137030995106 0.1956521739130435 0.18760195758564438
0 0.8336956521739131 0.6313213703099511 0.1891304347826087 0.19902120717781402
0 0.17391304347826086 0.6280587275693311 0.19130434782608696 0.19575856443719414
0 0.8369565217391305 0.8792822185970636 0.18695652173913044 0.21533442088091354
0 0.841304347826087 0.3825448613376835 0.19130434782608696 0.200652528548124
0 0.16956521739130434 0.8735725938009788 0.19130434782608696 0.2169657422512235
0 0.1673913043478261 0.3800978792822186 0.19130434782608696 0.19249592169657423
0 0.4989130434782609 0.8531810766721044 0.1282608695652174 0.12071778140293637
