0 0.184 0.6689750692520776 0.1024 0.2742382271468144
0 0.5504 0.18559556786703602 0.1056 0.24930747922437674
0 0.3088 0.7271468144044322 0.1024 0.2631578947368421
0 0.6776 0.20637119113573407 0.1168 0.26869806094182824
0 0.0608 0.1994459833795014 0.1024 0.2880886426592798
0 0.9208 0.18005540166204986 0.104 0.24376731301939059
0 0.4352 0.6925207756232687 0.1024 0.27146814404432135
0 0.3032 0.16759002770083103 0.0944 0.2409972299168975
0 0.8032 0.22714681440443213 0.1088 0.2659279778393352
0 0.176 0.16897506925207756 0.096 0.23822714681440443
0 0.5536 0.6426592797783933 0.0928 0.23822714681440443
0 0.6816 0.6786703601108033 0.096 0.23268698060941828
0 0.0544 0.6620498614958449 0.096 0.24930747922437674
0 0.4264 0.16481994459833796 0.1104 0.21329639889196675
