0 0.30625 0.5094339622641509 0.1125 0.19946091644204852
0 0.1765625 0.11994609164420485 0.1 0.16442048517520216
0 0.4296875 0.11590296495956873 0.103125 0.16711590296495957
0 0.55234375 0.1280323450134771 0.1109375 0.18598382749326145
0 0.3046875 0.11994609164420485 0.10625 0.1752021563342318
0 0.67890625 0.477088948787062 0.1046875 0.16172506738544473
0 0.0625 0.1495956873315364 0.1125 0.22371967654986524
0 0.7953125 0.16172506738544473 0.109375 0.18867924528301888
0 0.9453125 0.4528301886792453 0.078125 0.1509433962264151
0 0.18359375 0.46900269541778977 0.1078125 0.21024258760107817
0 0.4328125 0.4865229110512129 0.109375 0.19137466307277629
0 0.05625 0.46226415094339623 0.09375 0.1752021563342318
0 0.5578125 0.45417789757412397 0.09375 0.1752021563342318
0 0.67421875 0.14285714285714285 0.1171875 0.20485175202156333
0 0.9265625 0.12533692722371967 0.1 0.16442048517520216
