0 0.4418103448275862 0.3029411764705882 0.08189655172413793 0.14705882352941177
0 0.6357758620689655 0.34705882352941175 0.07327586206896551 0.12941176470588237
0 0.08405172413793104 0.2911764705882353 0.09051724137931035 0.1588235294117647
0 0.7176724137931034 0.2235294117647059 0.06465517241379311 0.10588235294117647
0 0.6077586206896551 0.23823529411764705 0.06896551724137931 0.13529411764705881
0 0.23922413793103448 0.17058823529411765 0.09051724137931035 0.16470588235294117
0 0.36853448275862066 0.3088235294117647 0.06465517241379311 0.11176470588235295
0 0.9310344827586207 0.25 0.08620689655172414 0.1588235294117647
0 0.5301724137931034 0.1676470588235294 0.06896551724137931 0.12352941176470589
0 0.4331896551724138 0.16470588235294117 0.07327586206896551 0.1411764705882353
