0 0.386 0.1856060606060606 0.122 0.2196969696969697
0 0.8625 0.4703282828282828 0.091 0.16792929292929293
0 0.3975 0.46464646464646464 0.097 0.14898989898989898
0 0.141 0.2178030303030303 0.132 0.2032828282828283
0 0.631 0.16982323232323232 0.102 0.16792929292929293
0 0.868 0.8112373737373737 0.114 0.20075757575757575
0 0.1285 0.45580808080808083 0.103 0.15151515151515152
0 0.6225 0.4577020202020202 0.095 0.19065656565656566
0 0.633 0.8421717171717171 0.112 0.19444444444444445
0 0.883 0.20265151515151514 0.126 0.20075757575757575
0 0.142 0.8118686868686869 0.116 0.18181818181818182
0 0.3725 0.7859848484848485 0.079 0.13005050505050506
