0 0.25719424460431656 0.1737357259380098 0.07014388489208633 0.15823817292006526
0 0.08453237410071943 0.1729200652528548 0.07194244604316546 0.1631321370309951
0 0.2567446043165468 0.6835236541598695 0.08003597122302158 0.1631321370309951
0 0.5935251798561151 0.16476345840130505 0.06654676258992806 0.1566068515497553
0 0.5984712230215827 0.7014681892332789 0.0764388489208633 0.1761827079934747
0 0.7589928057553957 0.1631321370309951 0.06115107913669065 0.1533442088091354
0 0.7612410071942446 0.6982055464926591 0.0710431654676259 0.1859706362153344
0 0.09127697841726619 0.6941272430668842 0.08003597122302158 0.19086460032626426
0 0.42356115107913667 0.17944535073409462 0.07194244604316546 0.16639477977161501
0 0.42760791366906475 0.6867862969004894 0.07823741007194245 0.1729200652528548
