0 0.5486656200941915 0.29066265060240964 0.13343799058084774 0.32228915662650603
0 0.38304552590266877 0.2876506024096386 0.1130298273155416 0.29819277108433734
0 0.7307692307692307 0.19427710843373494 0.0989010989010989 0.2560240963855422
0 0.06985871271585557 0.20180722891566266 0.10204081632653061 0.26506024096385544
0 0.880690737833595 0.1927710843373494 0.10361067503924647 0.24096385542168675
0 0.7103610675039247 0.5918674698795181 0.0989010989010989 0.24397590361445784
0 0.2817896389324961 0.6325301204819277 0.08006279434850863 0.23493975903614459
0 0.8854003139717426 0.5180722891566265 0.08163265306122448 0.20481927710843373
0 0.10989010989010989 0.6129518072289156 0.09733124018838304 0.23795180722891565
0 0.22841444270015698 0.21686746987951808 0.11145996860282574 0.25301204819277107
