1 0.915049 0.156897 0.072816 0.175862
1 0.301456 0.132759 0.074757 0.165517
1 0.493689 0.862931 0.080583 0.187931
1 0.097087 0.157759 0.073786 0.177586
1 0.496117 0.123276 0.081553 0.194828
1 0.694660 0.165517 0.094175 0.203448
1 0.892233 0.503448 0.095146 0.224138
1 0.694175 0.488793 0.089320 0.205172
1 0.506796 0.471552 0.077670 0.218966
1 0.297573 0.525862 0.084466 0.203448
1 0.096602 0.507759 0.101942 0.212069
1 0.297087 0.843966 0.081553 0.187931
1 0.073786 0.831897 0.095146 0.229310
1 0.716990 0.837069 0.092233 0.198276
1 0.883495 0.846552 0.095146 0.220690
